9.780175e-01	 9.616675e-01	 7.462155e-01
5.881438e-01	 4.695198e-02	 -5.344984e-01
-7.175388e-01	 -9.499276e-01	 1.415303e-01
1.595479e-01	 1.447775e-01	 1.323709e-01
1.219220e-01	 1.166349e-01	 1.197628e-01
1.357743e-01	 -1.531373e-01	 2.230249e-01
6.497706e-01	 7.978501e-01	 9.914285e-01
8.370829e-01	 6.861449e-01	 2.814299e-01
9.989678e-01	 9.341565e-01	 6.585537e-01
4.799287e-01	 -8.555710e-02	 -6.631360e-01
-8.194566e-01	 -9.950454e-01	 2.959425e-02
1.163359e-01	 1.916721e-01	 2.166933e-01
2.485015e-01	 2.276030e-01	 1.964593e-01
7.115246e-02	 -3.446159e-02	 3.373688e-01
7.277148e-01	 8.501249e-01	 9.648456e-01
7.130551e-01	 5.384187e-01	 6.944062e-02
9.649527e-01	 9.836064e-01	 7.876962e-01
6.313033e-01	 1.031721e-01	 -4.876666e-01
-6.705225e-01	 -9.412585e-01	 6.915398e-02
1.227485e-01	 1.378092e-01	 1.435943e-01
1.537124e-01	 1.520813e-01	 1.508708e-01
1.404740e-01	 -2.531482e-01	 1.321033e-01
6.004526e-01	 7.621265e-01	 9.827146e-01
8.596817e-01	 7.263866e-01	 3.070823e-01
9.829812e-01	 9.652319e-01	 7.540130e-01
5.951457e-01	 5.415485e-02	 -5.314701e-01
-7.156020e-01	 -9.478190e-01	 1.067001e-01
1.143377e-01	 1.197698e-01	 1.190588e-01
1.325215e-01	 1.448899e-01	 1.558822e-01
1.036115e-01	 -1.495426e-01	 2.350622e-01
6.458480e-01	 7.947494e-01	 9.896996e-01
8.345936e-01	 6.808924e-01	 3.015026e-01
9.741900e-01	 9.729211e-01	 7.577028e-01
6.027383e-01	 5.795917e-02	 -5.221656e-01
-6.984538e-01	 -9.490713e-01	 1.109455e-01
1.192057e-01	 1.026827e-01	 1.005698e-01
9.971446e-02	 1.107813e-01	 1.216259e-01
1.271518e-01	 -1.965831e-01	 1.980265e-01
6.444709e-01	 7.915758e-01	 9.933266e-01
8.456184e-01	 7.052442e-01	 2.882639e-01
9.798960e-01	 9.690261e-01	 7.436439e-01
5.731633e-01	 4.686007e-02	 -4.836000e-01
-6.310617e-01	 -9.020797e-01	 1.225054e-01
1.385063e-01	 1.550294e-01	 1.506873e-01
1.452289e-01	 1.421148e-01	 1.280092e-01
1.325682e-01	 -1.574684e-01	 2.044615e-01
6.503534e-01	 8.054671e-01	 9.882878e-01
8.636750e-01	 7.650979e-01	 4.107040e-01
9.263444e-01	 9.960436e-01	 8.858834e-01
7.462359e-01	 2.017814e-01	 -4.169881e-01
-6.133986e-01	 -8.901407e-01	 1.319429e-02
8.051498e-02	 2.042620e-01	 2.523480e-01
3.039787e-01	 2.974720e-01	 2.593115e-01
1.530177e-01	 -3.764465e-01	 -3.760869e-02
4.165186e-01	 6.159971e-01	 9.310646e-01
8.588547e-01	 7.459891e-01	 4.292262e-01
8.471118e-01	 9.786211e-01	 8.793469e-01
7.322883e-01	 2.213551e-01	 -3.351238e-01
-5.086358e-01	 -8.220246e-01	 1.714506e-01
1.589810e-01	 1.870506e-01	 1.860566e-01
1.968215e-01	 1.921525e-01	 1.895674e-01
1.839097e-01	 -5.029973e-01	 -1.304826e-01
4.379053e-01	 6.550853e-01	 9.551247e-01
9.223717e-01	 8.398535e-01	 5.389367e-01
8.988377e-01	 9.869109e-01	 8.214986e-01
6.603122e-01	 1.339285e-01	 -4.244654e-01
-5.839954e-01	 -8.646331e-01	 1.381334e-01
1.603434e-01	 2.102210e-01	 2.220297e-01
2.437379e-01	 2.232873e-01	 2.105761e-01
1.824884e-01	 -4.159446e-01	 -1.722982e-02
5.300445e-01	 7.174194e-01	 9.605493e-01
8.774804e-01	 7.839688e-01	 4.680894e-01
9.964345e-01	 9.245779e-01	 6.813229e-01
5.420910e-01	 2.323639e-02	 -5.653616e-01
-7.579670e-01	 -9.863415e-01	 8.013041e-02
1.356525e-01	 2.061099e-01	 2.348704e-01
2.570948e-01	 2.395856e-01	 2.219279e-01
1.281451e-01	 -2.640814e-02	 3.560255e-01
7.023659e-01	 8.068291e-01	 9.661068e-01
7.892813e-01	 6.133792e-01	 1.034853e-01
9.755450e-01	 9.861724e-01	 7.909285e-01
6.410092e-01	 1.824455e-01	 -3.532859e-01
-5.455552e-01	 -8.660172e-01	 -6.270460e-02
1.810857e-02	 1.006499e-01	 1.288282e-01
1.786471e-01	 1.834903e-01	 1.717193e-01
1.174719e-01	 -2.106660e-01	 1.647301e-01
6.035741e-01	 7.566442e-01	 9.668500e-01
9.173442e-01	 8.202938e-01	 4.860191e-01
9.811816e-01	 8.968333e-01	 4.788381e-01
2.635657e-01	 -2.812238e-01	 -7.069020e-01
-8.232941e-01	 -9.880193e-01	 1.419425e-01
1.547169e-01	 1.336013e-01	 1.181189e-01
8.693373e-02	 3.894933e-02	 2.585510e-02
4.752531e-03	 -1.309011e-01	 4.144306e-01
8.676778e-01	 9.573824e-01	 9.556965e-01
7.062382e-01	 5.670258e-01	 1.542575e-01
9.979656e-01	 9.532637e-01	 7.362249e-01
6.006604e-01	 1.471914e-01	 -4.692613e-01
-6.793825e-01	 -9.799186e-01	 -2.333303e-02
1.902251e-02	 7.253371e-02	 9.944825e-02
1.587356e-01	 2.009251e-01	 2.055903e-01
1.591193e-01	 -5.933075e-02	 3.015401e-01
6.728385e-01	 7.932951e-01	 9.762877e-01
8.598970e-01	 7.043948e-01	 1.201691e-01
9.620001e-01	 9.966960e-01	 8.830317e-01
7.466206e-01	 1.246179e-01	 -5.719757e-01
-7.564751e-01	 -9.573612e-01	 8.171417e-02
4.219707e-02	 1.435898e-02	 3.149064e-04
-3.365902e-02	 -8.761355e-03	 7.724084e-03
5.811518e-02	 -2.605354e-01	 6.940051e-02
4.690936e-01	 6.652500e-01	 9.916337e-01
8.202238e-01	 6.539768e-01	 2.829879e-01
9.691516e-01	 9.993982e-01	 9.161122e-01
7.917205e-01	 1.788111e-01	 -5.231159e-01
-7.080488e-01	 -9.351310e-01	 -3.323398e-02
3.456315e-02	 1.447375e-01	 1.877808e-01
2.352308e-01	 1.950478e-01	 1.512656e-01
4.054992e-02	 -2.442143e-01	 -2.944917e-03
3.738844e-01	 5.813063e-01	 9.553497e-01
8.296422e-01	 6.897721e-01	 3.519741e-01
8.265289e-01	 9.213146e-01	 9.878930e-01
9.242122e-01	 5.579274e-01	 1.996747e-01
6.695472e-02	 -3.785691e-01	 -1.521881e-01
-1.031843e-02	 1.132884e-01	 1.559029e-01
2.088537e-01	 2.127547e-01	 2.108524e-01
2.068146e-01	 -5.419306e-01	 -3.886809e-01
1.059862e-01	 3.486058e-01	 8.031794e-01
9.564860e-01	 9.752222e-01	 9.021714e-01
8.578144e-01	 9.728611e-01	 9.465414e-01
8.050876e-01	 1.058154e-01	 -5.271977e-01
-7.080521e-01	 -9.326345e-01	 -9.857063e-03
6.702964e-02	 1.831111e-01	 2.223720e-01
2.189728e-01	 1.857721e-01	 1.548320e-01
8.263103e-02	 -5.138651e-01	 -2.214685e-01
2.655742e-01	 5.498951e-01	 9.699763e-01
8.291872e-01	 6.889770e-01	 3.512336e-01
9.976415e-01	 9.291124e-01	 6.972785e-01
5.321901e-01	 4.149722e-02	 -4.499926e-01
-6.299188e-01	 -8.960353e-01	 6.855588e-02
7.016446e-02	 6.372319e-02	 7.363215e-02
8.542895e-02	 9.063698e-02	 9.625502e-02
1.080259e-01	 3.390816e-03	 3.630800e-01
7.139622e-01	 8.434169e-01	 9.954797e-01
8.884208e-01	 7.706732e-01	 4.306404e-01
9.928428e-01	 8.959442e-01	 6.521024e-01
5.218045e-01	 8.578499e-02	 -4.445194e-01
-6.384565e-01	 -9.376285e-01	 9.262285e-02
7.138524e-02	 5.163889e-02	 5.063972e-02
5.261075e-02	 9.651740e-02	 1.316505e-01
2.163913e-01	 7.539404e-02	 4.383926e-01
7.563702e-01	 8.515607e-01	 9.949236e-01
8.905543e-01	 7.583149e-01	 2.720801e-01
9.972223e-01	 8.762780e-01	 5.637545e-01
3.981421e-01	 -1.025571e-01	 -5.538551e-01
-7.056496e-01	 -9.511144e-01	 7.268505e-02
1.537233e-01	 2.204410e-01	 2.332613e-01
2.329265e-01	 1.894498e-01	 1.679190e-01
9.126879e-02	 1.626749e-02	 4.566246e-01
7.959816e-01	 8.871708e-01	 9.670715e-01
8.107732e-01	 6.883763e-01	 2.950448e-01
9.227152e-01	 9.961242e-01	 8.641439e-01
7.024682e-01	 7.529326e-02	 -5.283422e-01
-6.987633e-01	 -9.385869e-01	 -4.470099e-02
7.909786e-02	 2.499785e-01	 2.975543e-01
3.110560e-01	 2.787225e-01	 2.311229e-01
1.090509e-01	 -3.828817e-01	 -3.847273e-02
4.367678e-01	 6.465291e-01	 9.474044e-01
8.019777e-01	 6.769875e-01	 3.273569e-01
9.598398e-01	 9.932092e-01	 8.537500e-01
7.323128e-01	 2.485499e-01	 -3.594704e-01
-5.769960e-01	 -9.129553e-01	 5.632563e-02
8.310617e-02	 1.265131e-01	 1.480605e-01
1.934647e-01	 2.225305e-01	 2.326988e-01
2.093365e-01	 -2.748363e-01	 8.141747e-02
5.050796e-01	 6.646774e-01	 9.491019e-01
9.062347e-01	 7.828965e-01	 3.502725e-01
9.827894e-01	 9.474571e-01	 6.715048e-01
4.719770e-01	 -1.202508e-01	 -6.653667e-01
-8.081870e-01	 -9.831175e-01	 1.235956e-01
2.016309e-01	 2.509188e-01	 2.483962e-01
2.297390e-01	 1.778814e-01	 1.479808e-01
8.238944e-02	 -1.372922e-01	 2.483345e-01
6.972238e-01	 8.458942e-01	 9.657949e-01
7.250141e-01	 5.700311e-01	 1.633766e-01
9.784181e-01	 9.851095e-01	 8.222570e-01
6.947399e-01	 1.884072e-01	 -4.472815e-01
-6.616131e-01	 -9.479396e-01	 2.564289e-02
8.797175e-02	 1.638983e-01	 1.970450e-01
2.450707e-01	 2.667544e-01	 2.597688e-01
1.774511e-01	 -2.050375e-01	 1.477170e-01
5.450053e-01	 6.917440e-01	 9.510221e-01
8.536869e-01	 7.034119e-01	 2.644268e-01
9.788821e-01	 9.366960e-01	 6.620482e-01
4.690849e-01	 -1.156393e-01	 -6.625652e-01
-8.006484e-01	 -9.778142e-01	 1.819202e-01
2.021860e-01	 1.825916e-01	 1.589358e-01
1.209253e-01	 1.024441e-01	 9.730980e-02
1.076512e-01	 -9.324637e-02	 2.858696e-01
7.268785e-01	 8.687340e-01	 9.859030e-01
7.419653e-01	 5.911793e-01	 1.796961e-01
9.103184e-01	 9.958493e-01	 7.226032e-01
4.790475e-01	 -1.499892e-01	 -6.446698e-01
-7.764549e-01	 -9.660709e-01	 6.629477e-02
9.036049e-02	 8.529595e-02	 8.010014e-02
5.907715e-02	 5.110954e-02	 5.036234e-02
4.642828e-02	 -4.085650e-01	 -1.091564e-02
6.859805e-01	 8.741267e-01	 9.869210e-01
7.627507e-01	 6.281572e-01	 2.540699e-01
9.643962e-01	 9.961697e-01	 8.727126e-01
7.515506e-01	 1.606611e-01	 -6.209469e-01
-8.393102e-01	 -9.894545e-01	 3.111410e-02
2.942156e-02	 3.323423e-02	 3.545865e-02
4.537739e-02	 5.704984e-02	 6.122771e-02
5.388443e-02	 -2.626248e-01	 8.234211e-02
4.871019e-01	 6.587218e-01	 9.859660e-01
7.817738e-01	 5.401941e-01	 1.344477e-01
9.994163e-01	 9.187001e-01	 6.503981e-01
4.806291e-01	 2.071602e-03	 -5.129890e-01
-6.869053e-01	 -9.410404e-01	 1.878081e-02
5.622156e-02	 8.751365e-02	 9.647657e-02
1.022225e-01	 9.470305e-02	 8.276537e-02
4.113830e-02	 2.853584e-02	 3.909339e-01
7.545354e-01	 8.716008e-01	 9.947594e-01
8.531551e-01	 7.220187e-01	 3.357837e-01
9.582781e-01	 9.506806e-01	 5.332905e-01
2.991226e-01	 -2.588352e-01	 -7.081831e-01
-8.305845e-01	 -9.892949e-01	 -1.539359e-02
6.930202e-02	 1.340097e-01	 1.443132e-01
1.382095e-01	 1.021508e-01	 7.887962e-02
1.881596e-02	 -2.854227e-01	 3.023302e-01
8.352500e-01	 9.432388e-01	 9.559825e-01
6.985999e-01	 5.512779e-01	 1.447119e-01
9.359931e-01	 9.990731e-01	 8.316482e-01
6.123211e-01	 -8.644898e-02	 -6.333396e-01
-7.670238e-01	 -9.665904e-01	 1.687842e-02
4.156186e-02	 7.415339e-02	 7.943664e-02
7.879149e-02	 6.334697e-02	 5.734262e-02
3.988547e-02	 -3.516134e-01	 1.120875e-02
5.503295e-01	 7.866084e-01	 9.931357e-01
7.712770e-01	 6.390511e-01	 2.532036e-01
8.197867e-01	 9.805425e-01	 9.147502e-01
7.509663e-01	 8.072940e-02	 -4.984128e-01
-6.495602e-01	 -8.962414e-01	 -1.238208e-01
-9.673474e-03	 1.453808e-01	 2.032052e-01
2.176742e-01	 1.777797e-01	 1.438255e-01
6.371871e-02	 -5.591227e-01	 -1.960683e-01
3.769569e-01	 6.282971e-01	 9.726771e-01
8.485158e-01	 7.465827e-01	 4.389661e-01
9.126855e-01	 9.940638e-01	 7.612088e-01
5.906377e-01	 1.224709e-01	 -3.168670e-01
-4.910849e-01	 -8.348136e-01	 1.326631e-02
7.558121e-03	 3.949650e-03	 5.989407e-03
2.795080e-02	 7.623671e-02	 9.172547e-02
1.411848e-01	 -4.084472e-01	 1.085356e-01
6.484949e-01	 8.069147e-01	 9.920784e-01
9.454011e-01	 8.662691e-01	 5.321213e-01
9.991057e-01	 8.976134e-01	 5.996290e-01
4.507276e-01	 1.927497e-02	 -5.045262e-01
-6.957762e-01	 -9.755138e-01	 1.927654e-02
-8.546484e-03	 -2.348988e-02	 -2.141367e-02
9.702021e-03	 5.231677e-02	 7.467566e-02
1.312541e-01	 -3.763148e-02	 4.407007e-01
7.999333e-01	 8.924046e-01	 9.997671e-01
8.618099e-01	 7.143661e-01	 1.764798e-01
9.915207e-01	 8.611545e-01	 6.084309e-01
4.870951e-01	 -1.461323e-03	 -5.566249e-01
-7.544062e-01	 -9.930536e-01	 -5.715928e-02
3.144570e-03	 5.811700e-02	 8.425083e-02
1.221652e-01	 1.271126e-01	 1.207819e-01
7.180793e-02	 1.167031e-01	 5.083336e-01
7.914760e-01	 8.692757e-01	 9.925087e-01
8.209818e-01	 6.452000e-01	 9.321023e-02
8.398859e-01	 9.950805e-01	 8.447190e-01
6.826429e-01	 2.037063e-01	 -2.543293e-01
-4.190967e-01	 -7.686033e-01	 -1.463040e-01
-5.375708e-02	 5.358192e-02	 8.254804e-02
1.387469e-01	 1.621629e-01	 1.577198e-01
1.444087e-01	 -5.226728e-01	 -8.321699e-02
5.325211e-01	 7.260747e-01	 9.691507e-01
9.534253e-01	 8.941378e-01	 6.232135e-01
9.384075e-01	 9.918071e-01	 7.414087e-01
5.574522e-01	 5.205015e-02	 -3.861292e-01
-5.532615e-01	 -8.644633e-01	 8.746939e-03
2.424928e-02	 3.774234e-02	 4.209607e-02
6.856903e-02	 1.107816e-01	 1.228253e-01
1.619274e-01	 -3.454198e-01	 1.254217e-01
6.699915e-01	 8.291411e-01	 9.962876e-01
9.157683e-01	 8.239027e-01	 4.759021e-01
9.653631e-01	 9.958486e-01	 8.741980e-01
7.409099e-01	 9.869201e-02	 -5.776403e-01
-7.328862e-01	 -9.409458e-01	 6.218931e-02
3.162976e-02	 4.297462e-02	 5.325268e-02
4.593844e-02	 3.632062e-02	 2.319977e-02
1.216568e-02	 -2.533901e-01	 8.535275e-02
4.836643e-01	 6.694898e-01	 9.940571e-01
8.154830e-01	 6.799555e-01	 3.383385e-01
9.915363e-01	 8.873667e-01	 4.663287e-01
2.481188e-01	 -3.349769e-01	 -8.052303e-01
-9.160168e-01	 -9.954120e-01	 9.940406e-02
1.847802e-01	 1.992513e-01	 1.863351e-01
1.504605e-01	 6.296631e-02	 2.246667e-02
-6.283045e-02	 -8.351460e-02	 4.224175e-01
8.618796e-01	 9.506399e-01	 9.301355e-01
5.896096e-01	 4.005102e-01	 -7.216208e-02
9.624945e-01	 9.960008e-01	 8.648230e-01
7.528345e-01	 2.485805e-01	 -4.433415e-01
-6.969066e-01	 -9.735202e-01	 1.596441e-04
-1.941000e-02	 -1.188352e-02	 2.170562e-03
3.767241e-02	 9.823112e-02	 1.183181e-01
9.223464e-02	 -2.713010e-01	 8.721013e-02
5.019363e-01	 6.582062e-01	 9.678784e-01
8.909540e-01	 7.073344e-01	 2.091681e-01
9.610159e-01	 9.946385e-01	 8.406882e-01
7.160714e-01	 3.000061e-01	 -2.046376e-01
-3.920869e-01	 -8.011556e-01	 -3.917314e-02
-2.380216e-02	 6.822325e-03	 2.554230e-02
7.900879e-02	 1.383850e-01	 1.687234e-01
2.274518e-01	 -2.737040e-01	 1.006363e-01
5.414766e-01	 6.975596e-01	 9.506597e-01
9.690062e-01	 9.043231e-01	 5.535481e-01
9.812046e-01	 8.100382e-01	 4.232738e-01
2.473144e-01	 -2.151818e-01	 -7.881413e-01
-9.199333e-01	 -9.766468e-01	 -4.759861e-02
2.255060e-02	 9.463407e-02	 1.079442e-01
1.307688e-01	 1.619873e-01	 1.571880e-01
1.133079e-01	 1.870076e-01	 5.859434e-01
9.010459e-01	 9.629037e-01	 9.677791e-01
5.937958e-01	 3.591860e-01	 -1.825442e-01
9.630398e-01	 9.205436e-01	 5.868434e-01
3.858701e-01	 -1.749902e-01	 -6.598348e-01
-7.937668e-01	 -9.767759e-01	 1.881846e-01
2.306595e-01	 1.800051e-01	 1.526126e-01
1.038150e-01	 5.515493e-02	 4.104998e-02
1.968698e-02	 -1.927195e-01	 3.152709e-01
7.894384e-01	 9.098426e-01	 9.790816e-01
7.493837e-01	 6.068354e-01	 2.133573e-01
9.944130e-01	 9.349051e-01	 6.628055e-01
4.874906e-01	 -3.700678e-02	 -5.253486e-01
-6.920021e-01	 -9.461411e-01	 8.722599e-02
7.750713e-02	 6.983082e-02	 6.576860e-02
5.751158e-02	 4.320220e-02	 4.158584e-02
3.675626e-02	 -5.945057e-02	 3.463309e-01
7.455283e-01	 8.706477e-01	 9.976587e-01
8.497896e-01	 7.206967e-01	 3.216614e-01
9.668240e-01	 9.966930e-01	 8.739890e-01
7.594491e-01	 2.268506e-01	 -4.923107e-01
-7.335630e-01	 -9.691214e-01	 5.965822e-03
2.263514e-02	 5.815359e-02	 7.819068e-02
1.138584e-01	 1.414422e-01	 1.465982e-01
8.718804e-02	 -2.553738e-01	 7.804345e-02
4.824535e-01	 6.458508e-01	 9.672513e-01
8.588506e-01	 6.636221e-01	 2.306554e-01
9.050169e-01	 9.964276e-01	 9.118475e-01
8.051409e-01	 4.226905e-01	 -4.772588e-02
-2.284898e-01	 -6.039057e-01	 1.292820e-01
3.849743e-02	 -1.876687e-02	 -3.325714e-02
-1.578358e-02	 3.555212e-02	 7.304073e-02
2.044461e-01	 -4.052537e-01	 -7.516640e-02
4.100999e-01	 5.921504e-01	 9.061366e-01
9.982276e-01	 9.708025e-01	 7.703893e-01
9.360352e-01	 9.990952e-01	 8.554934e-01
7.260559e-01	 3.117280e-01	 -1.920637e-01
-3.679363e-01	 -7.326509e-01	 2.538646e-02
3.298250e-02	 5.131452e-02	 6.128749e-02
1.014734e-01	 1.347155e-01	 1.574434e-01
2.217338e-01	 -3.509894e-01	 2.685031e-02
5.152648e-01	 6.848991e-01	 9.447374e-01
9.720922e-01	 9.164248e-01	 6.434724e-01
9.935049e-01	 9.509432e-01	 7.026221e-01
5.436143e-01	 4.741908e-02	 -5.137507e-01
-6.905380e-01	 -9.599956e-01	 6.578990e-02
6.590090e-02	 6.458005e-02	 6.649607e-02
7.900744e-02	 1.050180e-01	 1.197021e-01
1.494621e-01	 -9.284272e-02	 3.022648e-01
7.086265e-01	 8.366970e-01	 9.957456e-01
8.514878e-01	 7.133222e-01	 2.367900e-01
9.767595e-01	 9.840700e-01	 8.104261e-01
6.506798e-01	 4.349029e-02	 -5.965910e-01
-7.805083e-01	 -9.747043e-01	 4.155532e-02
6.704141e-02	 9.932652e-02	 1.074625e-01
1.118230e-01	 1.103999e-01	 1.045749e-01
7.205816e-02	 -2.102712e-01	 1.646560e-01
5.773594e-01	 7.517098e-01	 9.927760e-01
7.949157e-01	 6.163366e-01	 2.115634e-01
9.993459e-01	 9.497663e-01	 7.476426e-01
5.960120e-01	 8.489338e-02	 -4.870803e-01
-6.683701e-01	 -9.329831e-01	 3.851435e-03
6.569597e-02	 1.189028e-01	 1.391553e-01
1.720675e-01	 1.683639e-01	 1.562689e-01
9.933595e-02	 -3.595675e-02	 3.059869e-01
6.533703e-01	 7.908258e-01	 9.814203e-01
8.569751e-01	 7.272286e-01	 3.459407e-01
9.930755e-01	 9.485244e-01	 7.206631e-01
5.642312e-01	 6.101055e-02	 -4.869830e-01
-6.749514e-01	 -9.479405e-01	 8.835586e-02
7.214168e-02	 4.716668e-02	 3.635512e-02
2.419534e-02	 3.320764e-02	 4.447131e-02
7.309269e-02	 -7.742310e-02	 3.083780e-01
6.916791e-01	 8.248160e-01	 9.978438e-01
8.727799e-01	 7.365208e-01	 3.099456e-01
9.423806e-01	 9.819411e-01	 7.635899e-01
6.077439e-01	 1.050814e-01	 -4.237394e-01
-6.078398e-01	 -9.047241e-01	 8.134930e-02
1.467831e-01	 1.879018e-01	 1.949181e-01
1.940184e-01	 1.586477e-01	 1.357128e-01
8.248506e-02	 -3.245012e-01	 1.193586e-01
6.177567e-01	 7.698404e-01	 9.753537e-01
8.917824e-01	 7.823764e-01	 4.179361e-01
9.957482e-01	 9.314637e-01	 6.836326e-01
5.215978e-01	 1.373583e-02	 -5.362568e-01
-7.038829e-01	 -9.491890e-01	 8.727547e-02
1.434375e-01	 1.827381e-01	 1.930680e-01
2.078628e-01	 2.075960e-01	 1.979141e-01
1.440138e-01	 -2.947152e-02	 3.343668e-01
7.065786e-01	 8.310599e-01	 9.780615e-01
8.181275e-01	 6.821868e-01	 2.798218e-01
9.930084e-01	 9.385647e-01	 6.832482e-01
5.144797e-01	 3.229270e-03	 -5.556173e-01
-7.212746e-01	 -9.508194e-01	 1.025929e-01
1.462925e-01	 1.721138e-01	 1.783182e-01
1.911596e-01	 1.928907e-01	 1.889605e-01
1.562303e-01	 -5.838619e-02	 3.125617e-01
7.096117e-01	 8.387570e-01	 9.815537e-01
8.087537e-01	 6.663759e-01	 2.674593e-01
9.079915e-01	 9.921309e-01	 8.883236e-01
7.715075e-01	 3.348722e-01	 -2.179049e-01
-4.199561e-01	 -7.952354e-01	 8.852930e-02
1.146738e-01	 1.455650e-01	 1.559139e-01
1.822125e-01	 2.014303e-01	 2.036318e-01
1.984054e-01	 -4.095291e-01	 -5.026122e-02
4.355364e-01	 6.168200e-01	 9.244778e-01
9.549572e-01	 8.844043e-01	 5.729188e-01
9.371968e-01	 9.962308e-01	 8.586460e-01
7.037782e-01	 1.061879e-01	 -5.170885e-01
-7.062040e-01	 -9.463100e-01	 -2.709420e-02
8.669714e-02	 2.119461e-01	 2.487133e-01
2.769088e-01	 2.564113e-01	 2.267015e-01
1.296468e-01	 -3.477470e-01	 2.789633e-03
4.666967e-01	 6.654607e-01	 9.550108e-01
8.166228e-01	 6.707327e-01	 2.961234e-01
9.896973e-01	 9.640362e-01	 7.589406e-01
6.117149e-01	 6.804014e-02	 -5.623115e-01
-7.541883e-01	 -9.808407e-01	 4.982791e-02
1.476976e-01	 2.441082e-01	 2.768220e-01
3.212123e-01	 2.847200e-01	 2.466350e-01
1.101597e-01	 -1.342253e-01	 2.209515e-01
6.036724e-01	 7.410631e-01	 9.445598e-01
7.763636e-01	 6.085813e-01	 1.606748e-01
9.899515e-01	 9.484006e-01	 6.679296e-01
4.815683e-01	 -8.868324e-02	 -6.405980e-01
-7.822530e-01	 -9.791830e-01	 8.409638e-02
1.220851e-01	 1.156612e-01	 1.124909e-01
1.117446e-01	 8.680720e-02	 7.954985e-02
7.231321e-02	 -1.136828e-01	 2.926288e-01
7.351820e-01	 8.691592e-01	 9.897719e-01
7.629539e-01	 6.178609e-01	 1.896616e-01
9.655171e-01	 9.876897e-01	 8.083069e-01
6.478828e-01	 5.719384e-02	 -5.679793e-01
-7.364900e-01	 -9.415394e-01	 5.866633e-02
1.139266e-01	 1.418492e-01	 1.474341e-01
1.584700e-01	 1.339985e-01	 1.205168e-01
8.394770e-02	 -2.536434e-01	 1.071904e-01
5.714181e-01	 7.473360e-01	 9.857059e-01
8.120615e-01	 6.656262e-01	 3.262764e-01
9.722849e-01	 9.806379e-01	 7.947543e-01
6.533249e-01	 1.666970e-01	 -4.109087e-01
-6.111070e-01	 -9.194604e-01	 1.091594e-01
7.604088e-02	 2.906348e-02	 1.235685e-02
3.190699e-03	 2.448656e-02	 4.518245e-02
1.029688e-01	 -2.067518e-01	 1.804636e-01
6.062350e-01	 7.569768e-01	 9.860030e-01
9.113476e-01	 7.902574e-01	 3.794602e-01
9.876734e-01	 9.687091e-01	 7.631884e-01
6.154324e-01	 1.195649e-01	 -4.755541e-01
-6.738523e-01	 -9.457818e-01	 7.594211e-02
5.730835e-02	 4.802380e-02	 4.691896e-02
5.107990e-02	 6.655333e-02	 8.017051e-02
8.814886e-02	 -1.368726e-01	 2.414920e-01
6.443890e-01	 7.867919e-01	 9.915115e-01
8.771653e-01	 7.345038e-01	 3.126124e-01
9.749727e-01	 9.814017e-01	 7.895935e-01
6.454505e-01	 1.509799e-01	 -4.232746e-01
-6.212457e-01	 -9.261486e-01	 9.153332e-02
6.774019e-02	 3.740445e-02	 2.538590e-02
2.029320e-02	 3.889853e-02	 5.603136e-02
9.854398e-02	 -2.026076e-01	 1.796159e-01
6.124891e-01	 7.633801e-01	 9.883285e-01
9.051660e-01	 7.816100e-01	 3.640576e-01
9.075726e-01	 9.966731e-01	 8.539359e-01
6.697532e-01	 1.288092e-02	 -5.679786e-01
-7.149030e-01	 -9.334597e-01	 -1.009983e-01
2.041384e-02	 1.467634e-01	 1.905090e-01
2.345693e-01	 1.904284e-01	 1.592889e-01
8.790194e-02	 -4.075677e-01	 -7.890443e-02
4.992534e-01	 7.177304e-01	 9.720140e-01
8.007105e-01	 6.808383e-01	 3.477444e-01
9.985958e-01	 9.208839e-01	 6.729037e-01
5.284006e-01	 1.123918e-01	 -3.765639e-01
-5.297591e-01	 -8.632964e-01	 5.148344e-02
8.242373e-02	 9.593610e-02	 1.006835e-01
1.036953e-01	 9.719826e-02	 9.684488e-02
8.245884e-02	 1.248870e-02	 3.810240e-01
7.334827e-01	 8.430039e-01	 9.882385e-01
9.212774e-01	 8.426010e-01	 4.979155e-01
9.846072e-01	 9.581086e-01	 7.128088e-01
5.545700e-01	 8.134767e-02	 -3.806268e-01
-5.604728e-01	 -8.739178e-01	 8.686477e-02
5.793473e-02	 3.659630e-02	 2.598783e-02
2.105968e-02	 2.830462e-02	 3.610857e-02
5.476568e-02	 -1.516679e-01	 2.804843e-01
7.004029e-01	 8.317312e-01	 9.964633e-01
9.242955e-01	 8.273853e-01	 4.829788e-01
9.993408e-01	 9.135727e-01	 6.599510e-01
5.254451e-01	 9.769616e-02	 -4.225306e-01
-6.150590e-01	 -9.663471e-01	 2.587689e-02
1.088172e-01	 1.745976e-01	 1.919681e-01
2.241710e-01	 2.129768e-01	 1.836019e-01
4.631969e-02	 2.546272e-02	 3.918466e-01
7.307396e-01	 8.288883e-01	 9.696406e-01
8.809704e-01	 7.668069e-01	 2.530372e-01
9.581310e-01	 9.950183e-01	 8.481353e-01
7.351409e-01	 3.681069e-01	 -1.112780e-01
-3.087560e-01	 -7.469556e-01	 -9.602946e-03
6.443007e-02	 1.264343e-01	 1.388528e-01
1.595237e-01	 1.629139e-01	 1.496044e-01
1.158830e-01	 -2.861691e-01	 7.607419e-02
5.144715e-01	 6.635418e-01	 9.159965e-01
9.803450e-01	 9.393020e-01	 6.546972e-01
9.787569e-01	 8.784427e-01	 5.694975e-01
3.959612e-01	 -1.182754e-01	 -5.732485e-01
-7.223167e-01	 -9.609288e-01	 2.045936e-01
1.419972e-01	 5.368714e-02	 2.445978e-02
-8.810173e-03	 -2.729894e-02	 -2.706431e-02
-1.888438e-03	 1.327828e-02	 4.562623e-01
8.202379e-01	 9.179414e-01	 9.929417e-01
8.189267e-01	 6.910326e-01	 2.767892e-01
9.507707e-01	 9.526201e-01	 6.037199e-01
3.977963e-01	 -1.428624e-01	 -6.213898e-01
-7.540726e-01	 -9.572978e-01	 1.303187e-01
2.113495e-01	 1.900156e-01	 1.616113e-01
1.091935e-01	 5.196698e-02	 2.901984e-02
-1.430714e-02	 -2.811621e-01	 2.187382e-01
7.742198e-01	 9.031279e-01	 9.837007e-01
7.817763e-01	 6.561497e-01	 2.887496e-01
9.503220e-01	 9.994878e-01	 8.962303e-01
7.939718e-01	 3.577917e-01	 -2.666690e-01
-5.143122e-01	 -9.162522e-01	 1.744878e-02
-1.615855e-02	 -3.280069e-02	 -3.066808e-02
-7.068086e-03	 5.918142e-02	 9.819203e-02
1.823335e-01	 -3.107791e-01	 2.762450e-02
4.423746e-01	 6.071806e-01	 9.337747e-01
9.619694e-01	 8.519632e-01	 3.567022e-01
9.648535e-01	 9.962410e-01	 8.669908e-01
7.511383e-01	 2.262062e-01	 -4.819483e-01
-7.250051e-01	 -9.876534e-01	 -6.197990e-02
-1.617053e-02	 5.689610e-02	 9.337800e-02
1.610451e-01	 1.828125e-01	 1.748566e-01
7.551753e-02	 -2.553746e-01	 8.510217e-02
4.950654e-01	 6.535073e-01	 9.606744e-01
8.569162e-01	 6.661778e-01	 1.372514e-01
9.324541e-01	 9.995707e-01	 9.148656e-01
8.187815e-01	 4.059422e-01	 -1.941856e-01
-4.349138e-01	 -8.640837e-01	 4.240553e-02
-6.064973e-03	 -3.364369e-02	 -3.475615e-02
-1.042541e-02	 4.821655e-02	 9.148274e-02
1.974934e-01	 -3.587911e-01	 -2.866262e-02
4.023543e-01	 5.730522e-01	 9.138393e-01
9.797791e-01	 8.958130e-01	 4.629856e-01
9.361300e-01	 9.952582e-01	 8.920982e-01
7.698923e-01	 1.050064e-01	 -6.268409e-01
-7.837294e-01	 -9.655351e-01	 1.179469e-01
9.642418e-02	 8.282532e-02	 8.376947e-02
7.832228e-02	 9.811187e-02	 9.823385e-02
1.152408e-01	 -3.312841e-01	 1.278439e-02
4.441855e-01	 6.326520e-01	 9.913825e-01
7.729454e-01	 6.132849e-01	 2.333700e-01
9.741968e-01	 9.877287e-01	 8.514712e-01
7.484636e-01	 3.401374e-01	 -2.460327e-01
-5.025990e-01	 -9.388423e-01	 5.199939e-02
7.392448e-02	 9.787318e-02	 1.101294e-01
1.569323e-01	 2.111549e-01	 2.330293e-01
2.391176e-01	 -2.196285e-01	 1.375761e-01
5.151870e-01	 6.539677e-01	 9.271887e-01
9.459818e-01	 8.325212e-01	 2.477862e-01
9.942984e-01	 9.061143e-01	 6.242069e-01
4.682559e-01	 5.218468e-05	 -5.626036e-01
-7.189024e-01	 -9.336302e-01	 9.682160e-02
7.698680e-02	 5.928685e-02	 5.670345e-02
4.666757e-02	 4.821979e-02	 6.039781e-02
1.111828e-01	 4.468074e-02	 4.159686e-01
7.790063e-01	 8.817716e-01	 9.989105e-01
8.253193e-01	 6.924821e-01	 3.405481e-01
9.589906e-01	 9.921281e-01	 8.244729e-01
6.940007e-01	 2.776450e-01	 -2.470013e-01
-4.173093e-01	 -7.093170e-01	 9.284484e-02
7.063549e-02	 4.991152e-02	 4.536273e-02
4.725572e-02	 6.159724e-02	 8.479966e-02
1.969517e-01	 -2.678000e-01	 1.034041e-01
5.636961e-01	 7.185438e-01	 9.595208e-01
9.670554e-01	 9.047994e-01	 6.768157e-01
9.920016e-01	 9.637669e-01	 7.449390e-01
6.056417e-01	 1.731138e-01	 -3.576345e-01
-5.214689e-01	 -7.988522e-01	 6.711862e-02
7.996092e-02	 8.948770e-02	 9.403000e-02
1.062466e-01	 1.125342e-01	 1.271640e-01
2.080065e-01	 -1.069014e-01	 2.544792e-01
6.611034e-01	 7.901623e-01	 9.791544e-01
9.270564e-01	 8.437414e-01	 5.644186e-01
9.950850e-01	 9.272539e-01	 6.754098e-01
5.119357e-01	 2.942063e-02	 -5.632045e-01
-7.293962e-01	 -9.476795e-01	 9.897502e-02
1.206601e-01	 1.403154e-01	 1.522143e-01
1.725787e-01	 1.531564e-01	 1.550096e-01
1.439667e-01	 -3.127198e-03	 3.544593e-01
7.239704e-01	 8.454305e-01	 9.845563e-01
8.119999e-01	 6.662982e-01	 2.849162e-01
9.639418e-01	 9.939224e-01	 8.412164e-01
6.928894e-01	 4.534857e-02	 -6.342806e-01
-7.946732e-01	 -9.791199e-01	 -2.910676e-02
6.875245e-02	 2.061833e-01	 2.634675e-01
3.202657e-01	 2.768918e-01	 2.254749e-01
9.803469e-02	 -2.645165e-01	 8.597318e-02
4.998434e-01	 6.711849e-01	 9.462417e-01
7.218165e-01	 5.636094e-01	 1.780826e-01
9.744041e-01	 9.866804e-01	 8.332228e-01
7.177740e-01	 2.689411e-01	 -3.622359e-01
-5.903487e-01	 -9.290168e-01	 5.261990e-02
6.862909e-02	 9.673880e-02	 1.150028e-01
1.725752e-01	 2.372185e-01	 2.744871e-01
2.817740e-01	 -2.185586e-01	 1.474851e-01
5.444091e-01	 6.867130e-01	 9.475698e-01
9.013947e-01	 7.590423e-01	 2.398567e-01
9.843331e-01	 9.670857e-01	 7.449830e-01
5.521021e-01	 -9.620953e-02	 -7.204655e-01
-8.485188e-01	 -9.901136e-01	 9.436381e-02
1.413225e-01	 2.068938e-01	 2.192547e-01
2.194478e-01	 1.698707e-01	 1.419738e-01
9.445321e-02	 -1.489425e-01	 2.115967e-01
6.341886e-01	 8.044319e-01	 9.708689e-01
6.723641e-01	 5.097640e-01	 1.036994e-01
9.856750e-01	 9.701937e-01	 7.471964e-01
5.524947e-01	 -1.016434e-01	 -7.140928e-01
-8.421276e-01	 -9.925398e-01	 6.646962e-02
1.386089e-01	 2.331904e-01	 2.552535e-01
2.596183e-01	 1.909260e-01	 1.508172e-01
7.229700e-02	 -1.550048e-01	 1.987756e-01
6.223502e-01	 7.934704e-01	 9.603473e-01
6.735123e-01	 5.177599e-01	 9.817296e-02
9.837201e-01	 9.856697e-01	 8.383085e-01
6.893805e-01	 5.348226e-02	 -6.288443e-01
-8.117400e-01	 -9.829061e-01	 -2.197901e-02
3.917120e-02	 1.302339e-01	 1.699475e-01
2.046407e-01	 1.863791e-01	 1.602553e-01
5.895459e-02	 -1.783585e-01	 1.640758e-01
5.294128e-01	 7.041821e-01	 9.773750e-01
7.548627e-01	 5.616016e-01	 1.744129e-01
9.975143e-01	 9.610340e-01	 7.579834e-01
5.982410e-01	 1.075317e-01	 -4.471550e-01
-6.340980e-01	 -8.996191e-01	 2.788938e-03
7.121096e-02	 1.388375e-01	 1.612016e-01
1.935269e-01	 1.762193e-01	 1.529211e-01
7.754056e-02	 -7.040852e-02	 2.671006e-01
6.373268e-01	 7.849343e-01	 9.751842e-01
8.769260e-01	 7.579807e-01	 4.297358e-01
9.744560e-01	 9.812498e-01	 7.759251e-01
6.338038e-01	 1.699660e-01	 -4.040503e-01
-6.086183e-01	 -9.484020e-01	 -2.704647e-02
6.026043e-02	 1.573479e-01	 1.917922e-01
2.552573e-01	 2.614728e-01	 2.403099e-01
1.194341e-01	 -2.229439e-01	 1.830777e-01
6.108861e-01	 7.493387e-01	 9.518168e-01
8.765702e-01	 7.561976e-01	 2.937161e-01
9.948641e-01	 8.957096e-01	 5.342408e-01
3.401180e-01	 -1.629833e-01	 -6.120761e-01
-7.499386e-01	 -9.737723e-01	 8.926765e-02
1.398070e-01	 1.612161e-01	 1.541235e-01
1.388605e-01	 8.996929e-02	 7.138541e-02
3.917583e-02	 -4.771550e-02	 4.220880e-01
8.298169e-01	 9.276668e-01	 9.768082e-01
7.856643e-01	 6.576444e-01	 2.241269e-01
9.986962e-01	 9.435688e-01	 6.981650e-01
5.365105e-01	 4.992119e-02	 -5.113294e-01
-6.706602e-01	 -9.194123e-01	 5.042819e-02
8.418491e-02	 1.184261e-01	 1.288672e-01
1.416888e-01	 1.300660e-01	 1.132896e-01
6.479040e-02	 -7.932027e-03	 3.202981e-01
7.060743e-01	 8.339963e-01	 9.886517e-01
8.494852e-01	 7.330623e-01	 3.879216e-01
9.584343e-01	 9.945864e-01	 8.797801e-01
7.639538e-01	 2.412558e-01	 -4.776791e-01
-7.021984e-01	 -9.562276e-01	 -9.055369e-03
9.320062e-02	 2.166858e-01	 2.719528e-01
3.888363e-01	 4.013864e-01	 3.553473e-01
1.888008e-01	 -2.851695e-01	 4.595039e-02
4.231244e-01	 5.851634e-01	 8.891580e-01
7.814804e-01	 6.169649e-01	 2.235688e-01
9.621610e-01	 7.661568e-01	 2.532332e-01
3.051850e-02	 -5.114928e-01	 -9.469601e-01
-9.910101e-01	 -9.044438e-01	 1.791470e-01
3.105957e-01	 3.552025e-01	 3.277950e-01
3.296426e-01	 1.989418e-01	 1.336013e-01
3.777057e-02	 2.053110e-01	 5.626136e-01
8.998356e-01	 9.442558e-01	 7.935432e-01
2.523661e-01	 7.043050e-03	 -4.249174e-01
9.003786e-01	 9.888793e-01	 8.866104e-01
7.542026e-01	 1.562729e-01	 -5.146629e-01
-6.912898e-01	 -9.295309e-01	 1.388309e-01
1.368895e-01	 1.943399e-01	 2.189568e-01
2.436890e-01	 2.453964e-01	 2.261779e-01
1.703606e-01	 -4.123644e-01	 -5.812970e-02
4.197070e-01	 6.190608e-01	 9.571805e-01
8.215246e-01	 6.862667e-01	 3.270316e-01
9.577457e-01	 9.946949e-01	 8.731947e-01
7.568437e-01	 2.393121e-01	 -4.666392e-01
-6.962501e-01	 -9.604745e-01	 -5.879761e-03
8.448504e-02	 2.042662e-01	 2.573661e-01
3.698020e-01	 3.925732e-01	 3.502817e-01
1.837974e-01	 -2.875563e-01	 5.868814e-02
4.425002e-01	 6.007914e-01	 8.977618e-01
7.925491e-01	 6.265289e-01	 2.090629e-01
9.568673e-01	 9.898304e-01	 8.456771e-01
7.040575e-01	 1.013847e-01	 -5.908981e-01
-7.630680e-01	 -9.617222e-01	 7.817858e-02
1.217726e-01	 1.924161e-01	 2.204887e-01
2.614779e-01	 2.738448e-01	 2.474315e-01
1.616515e-01	 -2.798090e-01	 7.353402e-02
4.978014e-01	 6.750465e-01	 9.598700e-01
7.588468e-01	 5.970803e-01	 2.212671e-01
9.818940e-01	 9.835985e-01	 7.940740e-01
6.340857e-01	 7.461136e-02	 -5.069677e-01
-6.862785e-01	 -9.379499e-01	 -5.325280e-02
2.190152e-02	 1.005903e-01	 1.289949e-01
1.623765e-01	 1.436903e-01	 1.226910e-01
4.159007e-02	 -1.817917e-01	 1.790371e-01
5.994398e-01	 7.624275e-01	 9.839040e-01
8.499040e-01	 7.169161e-01	 3.442677e-01
9.749613e-01	 9.826471e-01	 7.635034e-01
6.042290e-01	 8.511267e-02	 -4.698882e-01
-6.495992e-01	 -9.380110e-01	 1.584936e-02
4.709196e-03	 -7.918757e-03	 -8.641771e-03
3.933531e-04	 2.859471e-02	 3.808241e-02
6.000817e-02	 -2.218091e-01	 1.854250e-01
6.457553e-01	 7.967639e-01	 9.963713e-01
8.822627e-01	 7.593225e-01	 3.413714e-01
9.280487e-01	 9.995812e-01	 8.560820e-01
7.305238e-01	 2.418394e-01	 -3.367951e-01
-5.396255e-01	 -8.847508e-01	 -1.293839e-01
-2.043864e-02	 1.056735e-01	 1.502665e-01
2.125418e-01	 1.999881e-01	 1.781451e-01
9.044408e-02	 -3.492642e-01	 2.048446e-02
5.059217e-01	 6.661494e-01	 9.467522e-01
9.200944e-01	 8.228418e-01	 4.572044e-01
9.968128e-01	 9.172986e-01	 6.375794e-01
4.690661e-01	 -9.529989e-02	 -6.672011e-01
-8.307832e-01	 -9.981326e-01	 7.575721e-02
6.384105e-02	 3.047822e-02	 1.564548e-02
-6.196881e-03	 -7.233776e-03	 3.794949e-03
3.831075e-02	 -2.500146e-02	 3.930490e-01
7.697815e-01	 8.830245e-01	 9.954293e-01
7.448425e-01	 5.565832e-01	 4.757758e-02
9.889905e-01	 9.709721e-01	 7.515451e-01
5.777634e-01	 4.902671e-04	 -5.867147e-01
-7.530362e-01	 -9.712277e-01	 1.888742e-02
5.655928e-02	 7.913146e-02	 8.102818e-02
7.935106e-02	 5.738092e-02	 4.563351e-02
1.672993e-02	 -1.467685e-01	 2.324097e-01
6.549184e-01	 8.121723e-01	 9.968466e-01
8.077582e-01	 6.563947e-01	 2.375646e-01
9.843996e-01	 9.533653e-01	 7.099452e-01
5.366634e-01	 -2.564634e-02	 -5.723778e-01
-7.396705e-01	 -9.697207e-01	 5.497343e-02
2.089674e-01	 3.243254e-01	 3.487746e-01
3.588189e-01	 2.882120e-01	 2.453344e-01
1.127379e-01	 -1.671385e-01	 2.177781e-01
6.251326e-01	 7.683415e-01	 9.330548e-01
7.676702e-01	 6.266566e-01	 2.166376e-01
9.839767e-01	 9.570716e-01	 7.372737e-01
5.667825e-01	 4.599316e-03	 -6.108331e-01
-7.589846e-01	 -9.730924e-01	 1.450011e-01
1.524933e-01	 1.519003e-01	 1.452115e-01
1.372742e-01	 1.577697e-01	 1.514675e-01
1.454340e-01	 -1.037525e-01	 2.464950e-01
6.582961e-01	 8.109693e-01	 9.905224e-01
7.758812e-01	 6.332455e-01	 1.787178e-01
9.739816e-01	 9.654497e-01	 7.406100e-01
5.761370e-01	 4.958593e-02	 -4.792754e-01
-6.497533e-01	 -9.117998e-01	 1.393911e-01
1.524248e-01	 1.501015e-01	 1.400448e-01
1.277974e-01	 1.334449e-01	 1.423884e-01
1.603711e-01	 -1.786897e-01	 2.113610e-01
6.549553e-01	 8.052662e-01	 9.905600e-01
8.674604e-01	 7.466901e-01	 3.780242e-01
9.929467e-01	 9.351329e-01	 6.835990e-01
5.176687e-01	 -3.780425e-02	 -5.911163e-01
-7.571772e-01	 -9.730295e-01	 8.465609e-02
2.255845e-01	 3.203002e-01	 3.370108e-01
3.480748e-01	 2.780103e-01	 2.332438e-01
1.053185e-01	 -8.300781e-02	 2.731998e-01
6.558202e-01	 7.864114e-01	 9.367042e-01
7.571603e-01	 6.101476e-01	 2.052357e-01
9.942414e-01	 9.117436e-01	 6.394281e-01
4.673522e-01	 -5.975597e-02	 -5.951066e-01
-7.512416e-01	 -9.664809e-01	 1.071571e-01
1.645604e-01	 1.951231e-01	 2.016579e-01
2.077073e-01	 1.946327e-01	 1.857402e-01
1.372344e-01	 1.186103e-03	 3.763555e-01
7.436791e-01	 8.607648e-01	 9.763641e-01
7.797219e-01	 6.333535e-01	 2.169826e-01
9.994831e-01	 8.797909e-01	 5.859683e-01
4.294167e-01	 -2.972584e-02	 -4.044073e-01
-5.416541e-01	 -8.408465e-01	 -2.160350e-02
-1.356625e-02	 -1.914127e-02	 -1.755245e-02
-7.489278e-03	 -6.773981e-03	 -6.831844e-03
-1.279160e-02	 2.380891e-02	 4.751672e-01
8.101079e-01	 9.029359e-01	 9.995300e-01
9.145539e-01	 8.405737e-01	 5.411225e-01
9.687800e-01	 9.954797e-01	 7.123355e-01
4.570363e-01	 -2.444480e-01	 -7.032200e-01
-8.099017e-01	 -9.561034e-01	 -7.218398e-02
-3.976705e-02	 -9.263393e-03	 2.818380e-03
1.260206e-02	 -7.640588e-03	 -1.575759e-02
-3.017709e-02	 -2.371810e-01	 8.624858e-02
7.017780e-01	 8.894436e-01	 9.695805e-01
7.109312e-01	 5.863540e-01	 2.914715e-01
8.580612e-01	 9.746517e-01	 9.594589e-01
8.657042e-01	 3.238988e-01	 -4.138610e-01
-6.456997e-01	 -9.159788e-01	 5.955892e-02
3.545488e-02	 -1.367068e-02	 -3.311663e-02
-5.585977e-02	 -4.527402e-02	 -3.891644e-02
-7.377997e-03	 -5.100820e-01	 -2.209003e-01
2.815170e-01	 4.994593e-01	 9.444412e-01
9.092136e-01	 7.625991e-01	 4.011588e-01
9.936316e-01	 8.723407e-01	 5.148154e-01
3.607152e-01	 -1.078476e-01	 -4.790736e-01
-6.049682e-01	 -8.648548e-01	 1.043384e-01
-4.156261e-02	 -1.350695e-01	 -1.429120e-01
-1.477227e-01	 -1.203230e-01	 -1.038872e-01
-5.385169e-02	 -4.254196e-02	 4.871286e-01
8.465940e-01	 9.216619e-01	 9.831312e-01
8.694889e-01	 7.894434e-01	 4.991255e-01
9.651781e-01	 9.951658e-01	 8.675358e-01
7.721877e-01	 4.227039e-01	 -1.231339e-01
-3.244764e-01	 -7.650618e-01	 6.052403e-02
-2.769329e-02	 -1.045925e-01	 -1.259221e-01
-1.601150e-01	 -1.614115e-01	 -1.405363e-01
-4.391132e-02	 -2.544959e-01	 9.422351e-02
4.862531e-01	 6.227920e-01	 8.920116e-01
9.791753e-01	 9.353954e-01	 6.424579e-01
9.848194e-01	 9.471123e-01	 6.894391e-01
4.993154e-01	 -1.406113e-01	 -7.051750e-01
-8.371027e-01	 -9.913608e-01	 1.206617e-01
1.897627e-01	 2.593141e-01	 2.771819e-01
2.617369e-01	 1.906116e-01	 1.520235e-01
7.963595e-02	 -1.247857e-01	 2.587825e-01
6.763356e-01	 8.208863e-01	 9.548415e-01
6.829315e-01	 5.254979e-01	 1.042205e-01
9.834027e-01	 9.649755e-01	 7.443349e-01
5.668538e-01	 -7.192686e-02	 -6.620170e-01
-8.011476e-01	 -9.781116e-01	 8.014553e-02
1.694667e-01	 2.661787e-01	 2.938556e-01
3.057433e-01	 2.360116e-01	 1.865897e-01
9.354664e-02	 -1.627754e-01	 2.002581e-01
6.124659e-01	 7.696269e-01	 9.493933e-01
7.113593e-01	 5.686360e-01	 1.858673e-01
9.248908e-01	 6.100477e-01	 1.286218e-01
-2.386774e-02	 -5.271187e-01	 -9.500176e-01
-9.809561e-01	 -9.100311e-01	 1.700638e-01
2.955864e-01	 3.221971e-01	 3.225231e-01
3.681559e-01	 2.535178e-01	 1.919845e-01
6.161057e-02	 3.400812e-01	 7.351669e-01
9.378941e-01	 9.462606e-01	 7.659028e-01
1.821957e-01	 -2.944780e-02	 -4.099361e-01
9.623737e-01	 9.748669e-01	 7.288750e-01
5.480494e-01	 -9.998215e-03	 -5.322115e-01
-6.868537e-01	 -9.281672e-01	 1.318462e-01
1.263885e-01	 1.552868e-01	 1.570909e-01
1.465593e-01	 1.206190e-01	 1.127876e-01
1.034755e-01	 -2.375994e-01	 1.834677e-01
6.668038e-01	 8.215621e-01	 9.891514e-01
8.379750e-01	 7.179910e-01	 3.574892e-01
9.824904e-01	 9.717697e-01	 7.622984e-01
6.229059e-01	 1.651425e-01	 -3.680254e-01
-5.551620e-01	 -8.887750e-01	 9.523659e-02
6.748575e-02	 6.247863e-02	 6.067369e-02
6.906547e-02	 9.911411e-02	 1.194727e-01
1.582451e-01	 -1.601328e-01	 2.260736e-01
6.442031e-01	 7.799404e-01	 9.838485e-01
9.245181e-01	 8.231169e-01	 4.301599e-01
9.521058e-01	 8.268705e-01	 5.331068e-01
3.524067e-01	 -1.498241e-01	 -5.820529e-01
-7.285610e-01	 -9.593807e-01	 1.315335e-01
1.117640e-01	 9.719740e-02	 9.477387e-02
8.989483e-02	 7.793503e-02	 7.482177e-02
6.191887e-02	 2.760318e-01	 5.511751e-01
8.404462e-01	 9.310357e-01	 9.846175e-01
8.094076e-01	 6.808822e-01	 2.752358e-01
9.609925e-01	 9.937685e-01	 8.712602e-01
7.478813e-01	 1.671362e-01	 -5.550430e-01
-7.869470e-01	 -9.828850e-01	 1.270966e-01
8.324678e-02	 3.521962e-02	 1.868893e-02
1.002847e-02	 3.339361e-02	 6.049906e-02
1.065146e-01	 -2.456418e-01	 7.412305e-02
4.895561e-01	 6.635694e-01	 9.858828e-01
8.311511e-01	 6.140475e-01	 1.503058e-01
9.836537e-01	 9.729598e-01	 7.327393e-01
5.161613e-01	 -1.496064e-01	 -7.217622e-01
-8.482595e-01	 -9.909921e-01	 1.081771e-01
8.783069e-02	 5.886371e-02	 4.142411e-02
2.816006e-02	 3.499540e-02	 4.573825e-02
9.119742e-02	 -1.439555e-01	 2.136233e-01
6.779588e-01	 8.554891e-01	 9.883445e-01
6.912559e-01	 5.276019e-01	 9.806981e-02
9.556234e-01	 9.984344e-01	 8.796299e-01
7.556911e-01	 1.637497e-01	 -5.668822e-01
-7.856440e-01	 -9.830202e-01	 -4.528979e-02
4.117991e-02	 1.564756e-01	 2.080750e-01
2.792709e-01	 2.725819e-01	 2.354596e-01
9.726183e-02	 -2.910889e-01	 3.785502e-02
4.491844e-01	 6.209958e-01	 9.461468e-01
7.773954e-01	 5.721208e-01	 1.556003e-01
9.782362e-01	 9.892995e-01	 8.643045e-01
7.647703e-01	 3.156327e-01	 -3.620352e-01
-6.211216e-01	 -9.576000e-01	 1.210229e-02
8.071194e-02	 1.502607e-01	 1.851700e-01
2.701392e-01	 3.120410e-01	 3.023101e-01
1.877156e-01	 -2.071414e-01	 1.215406e-01
4.799994e-01	 6.171212e-01	 9.096157e-01
8.783854e-01	 7.230605e-01	 2.185523e-01
9.366308e-01	 9.962785e-01	 8.624688e-01
6.907839e-01	 2.014740e-02	 -6.090334e-01
-7.507194e-01	 -9.487008e-01	 1.243262e-02
8.581538e-02	 1.911372e-01	 2.287571e-01
2.297732e-01	 1.935474e-01	 1.629627e-01
9.562976e-02	 -3.500973e-01	 -8.056558e-03
4.686302e-01	 6.859212e-01	 9.730357e-01
7.691669e-01	 6.402058e-01	 3.013665e-01
9.677550e-01	 9.923496e-01	 8.458132e-01
7.045033e-01	 7.327930e-02	 -6.439934e-01
-8.175911e-01	 -9.835411e-01	 2.539458e-02
6.992642e-02	 1.401314e-01	 1.744311e-01
2.111218e-01	 2.152908e-01	 1.850449e-01
1.112694e-01	 -2.506101e-01	 1.017477e-01
5.147458e-01	 6.879309e-01	 9.747091e-01
7.341133e-01	 5.452551e-01	 1.423585e-01
8.992350e-01	 9.675065e-01	 7.445945e-01
5.669784e-01	 3.120813e-02	 -4.546380e-01
-6.040621e-01	 -8.682571e-01	 1.273008e-01
2.504980e-01	 3.317906e-01	 3.350023e-01
3.069683e-01	 2.409081e-01	 2.050640e-01
1.215810e-01	 -4.185343e-01	 3.437971e-02
5.792185e-01	 7.525351e-01	 9.512079e-01
8.574775e-01	 7.701024e-01	 4.809862e-01
9.876288e-01	 9.579967e-01	 7.535232e-01
5.770347e-01	 -4.250891e-02	 -7.208846e-01
-8.569240e-01	 -9.861225e-01	 1.385995e-01
1.279875e-01	 1.316777e-01	 1.197268e-01
1.234817e-01	 1.406476e-01	 1.369771e-01
1.564860e-01	 -7.334574e-02	 2.566349e-01
6.440992e-01	 8.078963e-01	 9.914360e-01
6.786337e-01	 4.969090e-01	 5.544765e-02
9.514927e-01	 9.681585e-01	 7.015097e-01
4.872312e-01	 -1.222365e-01	 -6.586960e-01
-7.864880e-01	 -9.646801e-01	 1.566348e-01
1.962870e-01	 2.084496e-01	 1.886430e-01
1.285279e-01	 1.083847e-01	 9.699996e-02
9.340754e-02	 -2.648154e-01	 1.553723e-01
6.814932e-01	 8.526544e-01	 9.841437e-01
7.445619e-01	 6.099406e-01	 2.463073e-01
9.677170e-01	 9.903256e-01	 8.554446e-01
7.460906e-01	 2.877759e-01	 -3.433643e-01
-5.796783e-01	 -9.230954e-01	 1.013974e-01
9.164193e-02	 9.728771e-02	 1.097198e-01
1.574873e-01	 2.143946e-01	 2.369430e-01
2.173061e-01	 -2.307432e-01	 1.041970e-01
5.086744e-01	 6.567422e-01	 9.446601e-01
9.144047e-01	 7.796352e-01	 3.172899e-01
9.823129e-01	 9.737582e-01	 7.478797e-01
5.826759e-01	 8.642141e-02	 -4.185623e-01
-5.892025e-01	 -8.794326e-01	 2.917952e-02
1.099974e-01	 1.965037e-01	 2.197082e-01
2.423445e-01	 2.210300e-01	 1.970838e-01
1.251066e-01	 -1.849592e-01	 1.992373e-01
6.340837e-01	 7.824431e-01	 9.663335e-01
8.808810e-01	 7.835805e-01	 4.592892e-01
9.925459e-01	 9.577267e-01	 7.353430e-01
5.915824e-01	 1.548175e-01	 -3.520108e-01
-5.320125e-01	 -8.788424e-01	 5.468430e-02
1.021310e-01	 1.448868e-01	 1.606523e-01
1.840525e-01	 1.889908e-01	 1.801469e-01
1.422078e-01	 -1.089136e-01	 2.689402e-01
6.620260e-01	 7.900767e-01	 9.706473e-01
9.167175e-01	 8.273511e-01	 4.554261e-01
9.292376e-01	 9.868092e-01	 8.279349e-01
6.789663e-01	 1.528278e-01	 -4.173186e-01
-6.002606e-01	 -8.877044e-01	 6.041781e-02
1.612246e-01	 2.772237e-01	 3.075434e-01
3.408643e-01	 3.119894e-01	 2.857172e-01
1.975551e-01	 -3.645095e-01	 1.463764e-02
4.875149e-01	 6.666497e-01	 9.276073e-01
8.535267e-01	 7.470294e-01	 4.158761e-01
9.701371e-01	 9.800010e-01	 7.896217e-01
6.355335e-01	 7.500675e-02	 -5.236506e-01
-7.032975e-01	 -9.461240e-01	 2.395678e-02
1.507445e-01	 2.830159e-01	 3.237105e-01
3.718532e-01	 3.391974e-01	 3.036125e-01
1.797577e-01	 -2.413711e-01	 1.299008e-01
5.444260e-01	 7.009341e-01	 9.252563e-01
7.814955e-01	 6.428002e-01	 2.693261e-01
9.873355e-01	 9.505260e-01	 7.007332e-01
5.299917e-01	 -2.274074e-02	 -5.897492e-01
-7.520425e-01	 -9.751679e-01	 6.493783e-02
2.057652e-01	 3.193320e-01	 3.491583e-01
3.811104e-01	 3.240188e-01	 2.807668e-01
1.303515e-01	 -1.447467e-01	 2.327254e-01
6.379656e-01	 7.727854e-01	 9.242498e-01
7.397349e-01	 5.963238e-01	 1.790419e-01
9.274316e-01	 9.879306e-01	 8.439440e-01
7.002948e-01	 1.669193e-01	 -4.262511e-01
-6.121282e-01	 -9.015060e-01	 1.248006e-01
1.535621e-01	 2.126945e-01	 2.205681e-01
2.257132e-01	 2.243200e-01	 2.202104e-01
1.801788e-01	 -3.525556e-01	 2.029337e-02
4.924627e-01	 6.789234e-01	 9.597872e-01
8.763507e-01	 7.594777e-01	 3.934748e-01
9.611402e-01	 9.834236e-01	 8.048796e-01
6.571656e-01	 1.256244e-01	 -4.736228e-01
-6.590063e-01	 -9.172405e-01	 6.321911e-02
1.412061e-01	 2.371423e-01	 2.659619e-01
3.023130e-01	 2.903621e-01	 2.698518e-01
1.900467e-01	 -2.687246e-01	 1.137487e-01
5.439966e-01	 7.052643e-01	 9.448944e-01
8.314874e-01	 7.020617e-01	 3.500745e-01
9.657880e-01	 9.921359e-01	 8.403861e-01
7.089971e-01	 2.741960e-01	 -2.585040e-01
-4.513246e-01	 -7.253075e-01	 -1.422584e-02
4.490291e-02	 1.204668e-01	 1.384968e-01
1.594802e-01	 1.488864e-01	 1.376395e-01
6.040735e-02	 -2.589425e-01	 1.168333e-01
5.284307e-01	 6.914779e-01	 9.483578e-01
9.544677e-01	 8.816811e-01	 6.857697e-01
8.208335e-01	 9.622020e-01	 8.795144e-01
6.828064e-01	 3.407526e-02	 -4.830186e-01
-6.208603e-01	 -8.648703e-01	 -1.566122e-01
-5.943931e-02	 8.557631e-02	 1.273752e-01
1.697524e-01	 1.505198e-01	 1.304454e-01
8.095256e-02	 -5.492768e-01	 -2.657710e-01
4.681144e-01	 7.194102e-01	 9.848975e-01
8.625757e-01	 7.729920e-01	 4.954251e-01
9.545145e-01	 7.613885e-01	 5.220296e-01
3.538428e-01	 -8.811564e-02	 -5.355615e-01
-6.954562e-01	 -9.384523e-01	 2.249700e-02
8.303541e-02	 1.195218e-01	 1.414231e-01
1.891611e-01	 1.870143e-01	 1.786397e-01
1.215937e-01	 2.973145e-01	 6.429562e-01
8.445115e-01	 9.245511e-01	 9.779845e-01
8.235287e-01	 6.960090e-01	 3.232991e-01
8.990753e-01	 9.947257e-01	 9.113872e-01
8.107607e-01	 3.791350e-01	 -1.327989e-01
-3.237780e-01	 -6.341458e-01	 1.500358e-01
8.053537e-02	 2.634301e-02	 2.373518e-02
-8.503970e-03	 -8.912142e-03	 3.473404e-03
2.827766e-02	 -4.112820e-01	 -6.352019e-02
4.107060e-01	 5.848964e-01	 9.253023e-01
9.911029e-01	 9.461267e-01	 7.726962e-01
9.970723e-01	 9.602379e-01	 7.739541e-01
6.505644e-01	 2.163307e-01	 -3.946869e-01
-5.976303e-01	 -9.703542e-01	 5.172398e-02
8.758768e-02	 1.131695e-01	 1.152682e-01
1.196126e-01	 1.088867e-01	 7.797606e-02
2.723182e-02	 -5.631572e-02	 2.650877e-01
6.230471e-01	 7.506525e-01	 9.689653e-01
9.123409e-01	 7.979710e-01	 2.401481e-01
9.825044e-01	 9.704288e-01	 7.599839e-01
6.198188e-01	 1.888811e-01	 -3.200232e-01
-5.026592e-01	 -8.210414e-01	 7.452384e-02
1.130650e-01	 1.504169e-01	 1.622305e-01
1.921744e-01	 2.051959e-01	 2.141877e-01
2.204940e-01	 -1.706789e-01	 2.132702e-01
6.322967e-01	 7.677929e-01	 9.630124e-01
9.249215e-01	 8.375305e-01	 5.265676e-01
9.628301e-01	 9.946718e-01	 8.675701e-01
7.466361e-01	 1.972107e-01	 -5.187462e-01
-7.465880e-01	 -9.717912e-01	 1.239094e-02
7.721472e-02	 1.680579e-01	 2.093608e-01
2.820854e-01	 3.036637e-01	 2.949898e-01
1.808861e-01	 -2.698235e-01	 6.830740e-02
4.680584e-01	 6.314290e-01	 9.389014e-01
7.991813e-01	 5.963115e-01	 1.513346e-01
9.981385e-01	 9.488103e-01	 7.634154e-01
6.455160e-01	 2.018367e-01	 -4.257579e-01
-6.594799e-01	 -9.734007e-01	 3.571131e-02
1.348057e-01	 2.318508e-01	 2.735855e-01
3.682292e-01	 4.325039e-01	 4.211694e-01
2.226093e-01	 -4.943824e-02	 2.856333e-01
6.028616e-01	 7.130638e-01	 9.075622e-01
7.947771e-01	 6.226577e-01	 5.418717e-02
9.547037e-01	 9.457075e-01	 6.531699e-01
4.518432e-01	 -8.934397e-02	 -5.423798e-01
-6.874247e-01	 -9.212787e-01	 1.487450e-01
2.680052e-01	 3.395548e-01	 3.411833e-01
3.096874e-01	 2.326876e-01	 1.991589e-01
1.183256e-01	 -2.577126e-01	 1.838763e-01
6.768099e-01	 8.242764e-01	 9.466316e-01
8.072674e-01	 6.984147e-01	 3.704655e-01
7.415535e-01	 9.150810e-01	 9.195745e-01
7.904473e-01	 1.541670e-01	 -3.567245e-01
-5.486000e-01	 -8.506375e-01	 2.417849e-01
2.053678e-01	 3.042362e-01	 2.555540e-01
1.733896e-01	 1.575819e-01	 1.423915e-01
1.186441e-01	 -6.258102e-01	 -3.470603e-01
2.486424e-01	 5.566733e-01	 9.727120e-01
9.208233e-01	 8.238706e-01	 5.121908e-01
