1.219714e+02	 9.635111e+01	 6.775977e+01
5.293575e+01	 4.216218e+00	 -4.601340e+01
-6.264633e+01	 -9.625454e+01	 1.765066e+01
1.598538e+01	 1.314645e+01	 1.191402e+01
1.094841e+01	 1.004076e+01	 1.045616e+01
1.375777e+01	 -1.909820e+01	 2.234525e+01
5.900213e+01	 7.181033e+01	 8.902881e+01
7.206200e+01	 5.990541e+01	 2.851681e+01
1.131563e+02	 8.908331e+01	 5.964701e+01
4.394862e+01	 -7.991460e+00	 -6.088516e+01
-7.688559e+01	 -1.141577e+02	 3.352236e+00
1.109406e+01	 1.736026e+01	 1.984331e+01
2.321128e+01	 2.089714e+01	 1.843281e+01
8.163046e+00	 -3.903575e+00	 3.217226e+01
6.591112e+01	 7.784868e+01	 9.012140e+01
6.546843e+01	 5.051718e+01	 7.966653e+00
1.352249e+02	 1.037748e+02	 7.199226e+01
5.712804e+01	 9.442869e+00	 -4.295148e+01
-5.901253e+01	 -9.311244e+01	 9.690983e+00
1.295051e+01	 1.259521e+01	 1.299417e+01
1.406858e+01	 1.339464e+01	 1.327811e+01
1.389616e+01	 -3.547526e+01	 1.393748e+01
5.487895e+01	 6.896653e+01	 8.994335e+01
7.571689e+01	 6.392912e+01	 3.037761e+01
1.170498e+02	 9.548473e+01	 6.821654e+01
5.355636e+01	 4.848632e+00	 -4.517456e+01
-6.208664e+01	 -9.481520e+01	 1.270546e+01
1.131076e+01	 1.083573e+01	 1.071394e+01
1.186501e+01	 1.231553e+01	 1.352455e+01
1.036479e+01	 -1.780699e+01	 2.325333e+01
5.843071e+01	 7.151842e+01	 8.861052e+01
7.093983e+01	 5.907518e+01	 3.016085e+01
1.288756e+02	 9.837508e+01	 6.887510e+01
5.476300e+01	 5.324474e+00	 -4.617728e+01
-6.152798e+01	 -9.321509e+01	 1.467698e+01
1.205326e+01	 9.333849e+00	 9.137469e+00
9.160363e+00	 9.796855e+00	 1.071423e+01
1.248849e+01	 -2.600598e+01	 2.002307e+01
5.858233e+01	 7.192021e+01	 9.125289e+01
7.478155e+01	 6.212616e+01	 2.831246e+01
1.429000e+02	 1.111566e+02	 7.479492e+01
5.741679e+01	 4.772641e+00	 -4.712954e+01
-6.045770e+01	 -9.134665e+01	 1.786519e+01
1.588800e+01	 1.559269e+01	 1.509514e+01
1.479139e+01	 1.384988e+01	 1.226369e+01
1.342415e+01	 -2.296390e+01	 2.345371e+01
6.541186e+01	 8.068788e+01	 1.006559e+02
8.416998e+01	 7.329879e+01	 4.158883e+01
1.579939e+02	 1.319764e+02	 9.730995e+01
7.832157e+01	 2.089956e+01	 -4.291104e+01
-6.408598e+01	 -1.016925e+02	 2.250370e+00
1.066829e+01	 2.243717e+01	 2.648531e+01
3.148467e+01	 3.061198e+01	 2.709207e+01
1.748123e+01	 -6.420533e+01	 -4.983176e+00
4.575253e+01	 6.465229e+01	 9.643525e+01
8.838225e+01	 7.793863e+01	 4.903617e+01
1.506767e+02	 1.196833e+02	 8.355240e+01
6.833100e+01	 2.189238e+01	 -3.349094e+01
-5.050381e+01	 -8.431909e+01	 3.049611e+01
1.944304e+01	 1.777288e+01	 1.736124e+01
1.946597e+01	 1.920296e+01	 1.882266e+01
1.886452e+01	 -8.946870e+01	 -1.595775e+01
4.160820e+01	 6.112706e+01	 9.446342e+01
9.217816e+01	 8.339130e+01	 5.528138e+01
1.555253e+02	 1.151585e+02	 7.700600e+01
6.156743e+01	 1.329113e+01	 -4.276546e+01
-5.843313e+01	 -8.882655e+01	 2.390114e+01
1.870980e+01	 1.970579e+01	 2.070202e+01
2.418867e+01	 2.249650e+01	 2.106972e+01
1.874762e+01	 -7.197063e+01	 -2.010475e+00
4.968555e+01	 6.689211e+01	 9.532539e+01
8.840735e+01	 7.844197e+01	 4.808833e+01
1.281702e+02	 1.007415e+02	 7.106111e+01
5.664082e+01	 2.374370e+00	 -5.344205e+01
-7.166371e+01	 -1.153776e+02	 1.030708e+01
1.478063e+01	 2.149700e+01	 2.454063e+01
2.627077e+01	 2.264736e+01	 2.098268e+01
1.498981e+01	 -3.396848e+00	 3.879235e+01
7.325587e+01	 8.430219e+01	 9.871991e+01
7.460855e+01	 5.799333e+01	 1.210523e+01
1.865350e+02	 1.485697e+02	 1.061069e+02
8.503497e+01	 2.382832e+01	 -4.055809e+01
-5.953852e+01	 -8.846685e+01	 -1.198982e+01
2.728107e+00	 1.350268e+01	 1.709008e+01
2.333223e+01	 2.106514e+01	 1.874038e+01
1.200019e+01	 -4.028168e+01	 2.481706e+01
8.097237e+01	 1.003749e+02	 1.262756e+02
1.053134e+02	 8.952179e+01	 4.964865e+01
1.148160e+02	 7.877781e+01	 4.359079e+01
2.579952e+01	 -3.312992e+01	 -8.961151e+01
-1.068017e+02	 -1.506583e+02	 1.660984e+01
1.359033e+01	 1.216233e+01	 1.156224e+01
1.024134e+01	 4.937471e+00	 3.354050e+00
7.246906e-01	 -1.531780e+01	 3.640357e+01
7.898863e+01	 9.371479e+01	 1.125870e+02
8.952737e+01	 7.355736e+01	 2.352198e+01
1.667104e+02	 1.326418e+02	 9.372970e+01
7.504832e+01	 1.648336e+01	 -4.265235e+01
-5.879558e+01	 -9.873506e+01	 -3.897787e+00
2.646884e+00	 9.234356e+00	 1.242536e+01
1.777615e+01	 1.826259e+01	 1.779233e+01
1.603261e+01	 -9.911214e+00	 4.195776e+01
8.565990e+01	 9.911667e+01	 1.093305e+02
7.815821e+01	 6.096021e+01	 1.210805e+01
1.637780e+02	 1.339984e+02	 9.965473e+01
7.820225e+01	 1.202188e+01	 -5.478254e+01
-7.573049e+01	 -1.120273e+02	 1.391162e+01
5.673081e+00	 1.620485e+00	 3.298381e-02
-3.247082e+00	 -8.391428e-01	 7.732556e-01
6.800449e+00	 -4.435546e+01	 9.330382e+00
5.293965e+01	 6.967935e+01	 9.566282e+01
7.855918e+01	 6.546942e+01	 3.311432e+01
1.501051e+02	 1.333433e+02	 1.006446e+02
8.027541e+01	 1.684506e+01	 -5.047921e+01
-7.148381e+01	 -1.092025e+02	 -5.147379e+00
4.611539e+00	 1.590094e+01	 1.903977e+01
2.216012e+01	 1.882156e+01	 1.527160e+01
4.735330e+00	 -3.782464e+01	 -3.929213e-01
4.107515e+01	 5.894076e+01	 8.999956e+01
8.005814e+01	 6.963861e+01	 4.110276e+01
1.444276e+01	 5.378172e+01	 1.048303e+02
1.125100e+02	 8.175872e+01	 2.857288e+01
9.087208e+00	 -4.387621e+01	 -2.659333e+00
-6.023383e-01	 1.202160e+01	 1.897902e+01
3.060543e+01	 3.044459e+01	 2.861724e+01
2.396984e+01	 -9.469693e+00	 -2.268924e+01
1.124673e+01	 4.243793e+01	 1.176980e+02
1.368704e+02	 1.323588e+02	 1.045618e+02
1.812893e+02	 1.434451e+02	 9.775599e+01
7.362233e+01	 9.577799e+00	 -5.306841e+01
-7.441290e+01	 -1.088255e+02	 -2.083178e+00
9.883298e+00	 1.891117e+01	 2.033511e+01
1.982015e+01	 1.870006e+01	 1.627211e+01
9.641895e+00	 -1.085995e+02	 -3.265479e+01
2.742772e+01	 5.028590e+01	 8.779662e+01
8.346707e+01	 7.240820e+01	 4.098408e+01
1.218337e+02	 1.032987e+02	 7.837038e+01
6.094201e+01	 5.096095e+00	 -5.338179e+01
-7.431379e+01	 -1.137391e+02	 8.372165e+00
7.800883e+00	 7.162146e+00	 8.431746e+00
1.049116e+01	 1.075210e+01	 1.135555e+01
1.371237e+01	 4.140924e-01	 4.036723e+01
8.024553e+01	 9.658114e+01	 1.222506e+02
1.053917e+02	 9.091909e+01	 5.466374e+01
1.494188e+02	 1.192216e+02	 8.363923e+01
6.645006e+01	 9.854799e+00	 -4.003401e+01
-5.299851e+01	 -7.759965e+01	 1.393936e+01
9.499100e+00	 6.623249e+00	 6.448799e+00
6.043812e+00	 8.692487e+00	 1.092836e+01
1.790889e+01	 1.134649e+01	 5.833609e+01
9.701271e+01	 1.084434e+02	 1.142947e+02
8.020451e+01	 6.294800e+01	 2.251779e+01
9.271764e+01	 7.735321e+01	 5.503278e+01
4.150585e+01	 -1.246424e+01	 -6.930733e+01
-8.894657e+01	 -1.328440e+02	 6.757958e+00
1.356989e+01	 2.151909e+01	 2.431721e+01
2.830864e+01	 2.370703e+01	 2.116605e+01
1.274769e+01	 1.512484e+00	 4.030842e+01
7.770240e+01	 9.248652e+01	 1.175327e+02
1.014571e+02	 8.676928e+01	 4.120949e+01
1.888459e+02	 1.468782e+02	 1.029238e+02
8.013950e+01	 8.773222e+00	 -6.455655e+01
-8.711784e+01	 -1.275751e+02	 -9.148648e+00
1.166295e+01	 2.977367e+01	 3.394581e+01
3.624446e+01	 3.405627e+01	 2.881509e+01
1.482248e+01	 -7.836180e+01	 -5.672791e+00
5.202118e+01	 7.375781e+01	 1.103922e+02
9.799126e+01	 8.440296e+01	 4.449517e+01
2.009407e+02	 1.579978e+02	 1.159196e+02
9.647284e+01	 3.062399e+01	 -3.956121e+01
-6.185258e+01	 -1.046305e+02	 1.179167e+01
1.322037e+01	 1.717757e+01	 1.950508e+01
2.383691e+01	 2.449040e+01	 2.494475e+01
2.399130e+01	 -5.753648e+01	 1.295173e+01
6.857817e+01	 8.756275e+01	 1.169394e+02
9.973489e+01	 8.392461e+01	 4.014346e+01
1.489150e+02	 1.151208e+02	 7.420230e+01
5.266040e+01	 -1.452342e+01	 -8.450426e+01
-1.056598e+02	 -1.513630e+02	 1.872754e+01
2.449918e+01	 2.772690e+01	 2.771458e+01
2.774698e+01	 2.259166e+01	 1.934654e+01
1.268487e+01	 -2.080289e+01	 3.017390e+01
7.704428e+01	 9.437987e+01	 1.166450e+02
9.207972e+01	 7.452405e+01	 2.515383e+01
1.884462e+02	 1.503261e+02	 1.101154e+02
9.047886e+01	 2.278244e+01	 -4.845134e+01
-7.087509e+01	 -1.127123e+02	 4.938895e+00
1.342435e+01	 2.194901e+01	 2.566199e+01
2.963427e+01	 2.889591e+01	 2.782765e+01
2.109936e+01	 -3.949083e+01	 2.254138e+01
7.298630e+01	 9.008869e+01	 1.149988e+02
9.247480e+01	 7.535278e+01	 3.144097e+01
1.406282e+02	 1.103744e+02	 7.151667e+01
5.124830e+01	 -1.360835e+01	 -8.263691e+01
-1.028774e+02	 -1.531512e+02	 2.613503e+01
2.382432e+01	 1.972416e+01	 1.736400e+01
1.423040e+01	 1.277710e+01	 1.250359e+01
1.686099e+01	 -1.339597e+01	 3.368507e+01
7.851985e+01	 9.491063e+01	 1.160204e+02
9.253991e+01	 7.596216e+01	 2.814510e+01
1.185188e+02	 8.057454e+01	 4.512203e+01
3.146626e+01	 -1.265189e+01	 -6.277178e+01
-7.825136e+01	 -1.108565e+02	 8.631238e+00
7.311101e+00	 5.326196e+00	 5.261382e+00
4.983276e+00	 4.976559e+00	 5.075532e+00
5.327637e+00	 -5.319306e+01	 -8.831884e-01
4.283517e+01	 5.741705e+01	 8.324877e+01
7.426938e+01	 6.330588e+01	 2.915448e+01
1.389712e+02	 1.068186e+02	 7.763132e+01
6.267486e+01	 1.137252e+01	 -4.217587e+01
-6.241706e+01	 -9.676940e+01	 4.483596e+00
3.154854e+00	 2.956320e+00	 2.957041e+00
3.212075e+00	 3.874931e+00	 4.553328e+00
5.269938e+00	 -3.784469e+01	 8.829490e+00
4.332969e+01	 5.493349e+01	 6.979240e+01
5.309953e+01	 4.017267e+01	 1.314909e+01
1.185976e+02	 9.729037e+01	 6.884553e+01
5.220298e+01	 2.362248e-01	 -5.450537e+01
-7.142158e+01	 -1.012545e+02	 2.228660e+00
5.953866e+00	 9.263439e+00	 1.047869e+01
1.165644e+01	 1.006225e+01	 8.605601e+00
4.426416e+00	 3.386259e+00	 4.139992e+01
7.986861e+01	 9.466792e+01	 1.134325e+02
9.064821e+01	 7.507252e+01	 3.612980e+01
9.307224e+01	 5.961090e+01	 3.421230e+01
2.123857e+01	 -2.399864e+01	 -7.366721e+01
-8.958506e+01	 -1.258863e+02	 -1.495094e+00
4.345472e+00	 8.597153e+00	 1.024665e+01
1.281449e+01	 1.062602e+01	 8.507786e+00
2.394303e+00	 -2.772152e+01	 1.895713e+01
5.358396e+01	 6.697268e+01	 8.863664e+01
7.267034e+01	 5.945965e+01	 1.841437e+01
1.249777e+02	 9.126211e+01	 5.688233e+01
4.056767e+01	 -6.554060e+00	 -5.565990e+01
-6.975227e+01	 -1.023316e+02	 2.253678e+00
3.796543e+00	 5.071878e+00	 5.262859e+00
5.973514e+00	 5.567134e+00	 5.214673e+00
4.222620e+00	 -4.694890e+01	 1.023883e+00
3.764095e+01	 5.211460e+01	 7.529379e+01
6.778228e+01	 5.811458e+01	 2.680632e+01
1.372024e+02	 1.043853e+02	 7.110505e+01
5.544460e+01	 6.614132e+00	 -4.689329e+01
-6.281661e+01	 -9.415961e+01	 -2.072307e+01
-1.029806e+00	 1.130069e+01	 1.500285e+01
1.783397e+01	 1.672644e+01	 1.390885e+01
6.694321e+00	 -9.357671e+01	 -2.087279e+01
2.930149e+01	 4.638781e+01	 7.969110e+01
7.983282e+01	 7.219931e+01	 4.611801e+01
1.368162e+02	 9.627863e+01	 6.619151e+01
5.283788e+01	 1.169662e+01	 -2.827849e+01
-4.238646e+01	 -7.146153e+01	 1.988687e+00
7.320310e-01	 3.434449e-01	 5.358066e-01
2.669449e+00	 6.803672e+00	 7.916999e+00
1.208567e+01	 -6.122831e+01	 1.051206e+01
5.639038e+01	 7.218581e+01	 9.474873e+01
8.437142e+01	 7.476932e+01	 4.555053e+01
9.754437e+01	 7.498857e+01	 5.335729e+01
4.191680e+01	 1.901134e+00	 -4.624418e+01
-6.243694e+01	 -1.019894e+02	 1.882001e+00
-7.139918e-01	 -2.090220e+00	 -1.991430e+00
9.569322e-01	 4.795282e+00	 6.701177e+00
1.372254e+01	 -3.674025e+00	 3.681710e+01
7.118114e+01	 8.299190e+01	 9.860929e+01
7.899230e+01	 6.410514e+01	 1.845086e+01
8.611749e+01	 7.205729e+01	 5.559640e+01
4.652491e+01	 -1.459116e-01	 -5.208710e+01
-7.055272e+01	 -1.142694e+02	 -4.964509e+00
2.631225e-01	 5.310539e+00	 8.047223e+00
1.219808e+01	 1.189477e+01	 1.129562e+01
8.262850e+00	 1.013612e+01	 4.253492e+01
7.232245e+01	 8.302891e+01	 9.910101e+01
7.682474e+01	 6.033966e+01	 1.072559e+01
1.429771e+02	 1.040671e+02	 7.203492e+01
5.954347e+01	 1.968291e+01	 -2.414520e+01
-3.838648e+01	 -6.645288e+01	 -2.490591e+01
-5.622001e+00	 4.569294e+00	 7.200246e+00
1.340627e+01	 1.539522e+01	 1.444609e+01
1.248547e+01	 -8.897666e+01	 -8.702966e+00
4.541168e+01	 6.333181e+01	 9.364316e+01
9.051513e+01	 8.189710e+01	 5.388259e+01
1.450571e+02	 1.002819e+02	 6.533210e+01
5.016659e+01	 4.995651e+00	 -3.517013e+01
-4.841865e+01	 -7.479175e+01	 1.352084e+00
2.451850e+00	 3.325813e+00	 3.788336e+00
6.581094e+00	 1.009041e+01	 1.074905e+01
1.400966e+01	 -5.339430e+01	 1.268142e+01
5.903890e+01	 7.461659e+01	 9.562134e+01
8.341169e+01	 7.210380e+01	 4.117416e+01
1.424280e+02	 1.106002e+02	 8.032903e+01
6.392889e+01	 8.011943e+00	 -4.939928e+01
-6.529274e+01	 -9.306142e+01	 9.175306e+00
3.512841e+00	 3.948887e+00	 4.594870e+00
3.729341e+00	 3.106107e+00	 2.066865e+00
1.203211e+00	 -3.738475e+01	 9.479385e+00
4.444334e+01	 5.776646e+01	 8.069882e+01
6.973938e+01	 6.057715e+01	 3.346236e+01
1.017237e+02	 6.894749e+01	 3.630953e+01
2.063445e+01	 -3.242023e+01	 -8.446358e+01
-1.013174e+02	 -1.423861e+02	 1.019806e+01
1.435723e+01	 1.551421e+01	 1.549630e+01
1.456209e+01	 6.604769e+00	 2.484958e+00
-8.987415e+00	 -8.567931e+00	 3.282141e+01
6.710813e+01	 7.905865e+01	 9.002177e+01
6.184633e+01	 4.429901e+01	 -1.032223e+01
1.606131e+02	 1.267416e+02	 9.280527e+01
7.742428e+01	 2.231590e+01	 -3.411110e+01
-5.409471e+01	 -9.592753e+01	 2.664009e-02
-2.469932e+00	 -1.275236e+00	 2.232286e-01
3.381978e+00	 7.557992e+00	 9.183985e+00
9.088503e+00	 -4.527246e+01	 1.109753e+01
5.386343e+01	 6.769235e+01	 8.688967e+01
6.855081e+01	 5.490412e+01	 2.061074e+01
1.665189e+02	 1.290238e+02	 9.472524e+01
7.899544e+01	 3.137156e+01	 -1.781412e+01
-3.149839e+01	 -5.818696e+01	 -6.787680e+00
-3.087600e+00	 7.687112e-01	 2.817771e+00
8.261929e+00	 1.204670e+01	 1.355444e+01
1.651955e+01	 -4.742573e+01	 1.305447e+01
6.101133e+01	 7.695325e+01	 9.941026e+01
8.435396e+01	 7.264902e+01	 4.020353e+01
1.333565e+02	 9.722305e+01	 5.036281e+01
2.993842e+01	 -2.504658e+01	 -8.135855e+01
-9.096259e+01	 -8.377087e+01	 -6.469174e+00
2.706586e+00	 1.125994e+01	 1.306709e+01
1.522113e+01	 1.672169e+01	 1.554268e+01
9.718866e+00	 2.541639e+01	 7.032657e+01
1.072100e+02	 1.165634e+02	 1.126469e+02
6.129657e+01	 3.551614e+01	 -1.565754e+01
1.105189e+02	 7.844175e+01	 5.014135e+01
3.515648e+01	 -1.905622e+01	 -7.825262e+01
-9.695976e+01	 -1.396221e+02	 2.159615e+01
1.965505e+01	 1.538008e+01	 1.390447e+01
1.130533e+01	 6.541058e+00	 5.014314e+00
2.814091e+00	 -2.211657e+01	 2.686500e+01
6.745157e+01	 8.289542e+01	 1.066208e+02
8.887260e+01	 7.412583e+01	 3.049767e+01
1.213375e+02	 1.011053e+02	 7.234928e+01
5.518041e+01	 -4.637306e+00	 -6.550372e+01
-8.596036e+01	 -1.270039e+02	 1.064325e+01
8.382011e+00	 7.622462e+00	 7.444530e+00
7.206754e+00	 5.386718e+00	 5.165784e+00
4.933923e+00	 -7.254114e+00	 3.745397e+01
8.137898e+01	 9.855102e+01	 1.250162e+02
1.059570e+02	 8.952479e+01	 4.317775e+01
1.726322e+02	 1.376030e+02	 1.017017e+02
8.410746e+01	 2.200579e+01	 -4.348347e+01
-6.718986e+01	 -1.096232e+02	 1.065233e+00
3.124998e+00	 6.767042e+00	 8.659460e+00
1.104491e+01	 1.249292e+01	 1.342750e+01
9.862366e+00	 -4.559852e+01	 1.077464e+01
5.614069e+01	 7.152668e+01	 9.382881e+01
7.585820e+01	 6.078371e+01	 2.609083e+01
1.979014e+02	 1.634036e+02	 1.198235e+02
1.023116e+02	 5.124108e+01	 -4.950492e+00
-2.184882e+01	 -4.852429e+01	 2.827028e+01
6.313174e+00	 -2.466105e+00	 -4.226079e+00
-1.913381e+00	 3.687737e+00	 6.984356e+00
1.642740e+01	 -8.861743e+01	 -1.232650e+01
5.389015e+01	 7.524624e+01	 1.098473e+02
1.035438e+02	 9.283080e+01	 6.190138e+01
1.984751e+02	 1.561235e+02	 1.119426e+02
9.343819e+01	 3.905928e+01	 -2.067503e+01
-3.659158e+01	 -6.299125e+01	 5.382897e+00
5.154006e+00	 6.714579e+00	 7.887261e+00
1.271453e+01	 1.450167e+01	 1.565788e+01
1.906405e+01	 -7.442313e+01	 4.195761e+00
6.742315e+01	 8.814160e+01	 1.183749e+02
1.046425e+02	 9.113923e+01	 5.532394e+01
1.240017e+02	 9.742025e+01	 6.721259e+01
5.194185e+01	 4.388321e+00	 -4.170065e+01
-5.379420e+01	 -7.963424e+01	 8.211395e+00
6.751278e+00	 6.177705e+00	 6.353639e+00
7.311614e+00	 8.524212e+00	 9.325018e+00
1.239828e+01	 -1.158792e+01	 3.096580e+01
6.778697e+01	 7.994564e+01	 9.214965e+01
6.911444e+01	 5.556913e+01	 1.964237e+01
1.247836e+02	 9.678371e+01	 7.008647e+01
5.489482e+01	 3.652747e+00	 -5.025108e+01
-6.853331e+01	 -1.009121e+02	 5.308801e+00
6.593552e+00	 8.589859e+00	 9.066107e+00
9.392007e+00	 9.299026e+00	 9.182302e+00
7.460255e+00	 -2.686269e+01	 1.619399e+01
4.993063e+01	 6.341825e+01	 8.338321e+01
6.695603e+01	 5.411805e+01	 2.190338e+01
1.127315e+02	 9.121459e+01	 6.946442e+01
5.518154e+01	 7.846401e+00	 -4.214112e+01
-5.726999e+01	 -8.664855e+01	 4.344621e-01
6.309374e+00	 1.104741e+01	 1.288364e+01
1.590360e+01	 1.456648e+01	 1.339006e+01
9.225587e+00	 -4.056111e+00	 2.938667e+01
6.070546e+01	 7.321830e+01	 9.070928e+01
7.414362e+01	 6.231335e+01	 3.212841e+01
1.128289e+02	 8.939941e+01	 6.557449e+01
5.217787e+01	 5.880456e+00	 -4.431257e+01
-6.084956e+01	 -9.370649e+01	 1.003860e+01
6.799429e+00	 4.291785e+00	 3.361977e+00
2.332049e+00	 3.021698e+00	 4.009266e+00
7.225411e+00	 -8.796471e+00	 2.906495e+01
6.293718e+01	 7.627571e+01	 9.617641e+01
7.941780e+01	 6.640029e+01	 3.063896e+01
1.109839e+02	 8.681727e+01	 6.210568e+01
5.088301e+01	 9.624792e+00	 -3.888455e+01
-5.572926e+01	 -8.966417e+01	 9.580487e+00
1.297767e+01	 1.528277e+01	 1.631941e+01
1.777087e+01	 1.455835e+01	 1.244271e+01
8.174818e+00	 -3.821643e+01	 1.055297e+01
5.024450e+01	 6.445445e+01	 8.933626e+01
8.183464e+01	 7.173149e+01	 4.142025e+01
1.313158e+02	 1.055778e+02	 7.411441e+01
5.681092e+01	 1.500074e+00	 -5.403960e+01
-6.991238e+01	 -1.019529e+02	 1.150959e+01
1.625809e+01	 1.981112e+01	 2.102841e+01
2.270046e+01	 2.091984e+01	 1.965759e+01
1.546860e+01	 -3.886602e+00	 3.789919e+01
7.660205e+01	 9.051663e+01	 1.068130e+02
8.244424e+01	 6.775743e+01	 3.005581e+01
1.371536e+02	 1.102258e+02	 7.581757e+01
5.739023e+01	 3.598105e-01	 -5.684954e+01
-7.230095e+01	 -1.001780e+02	 1.417006e+01
1.718072e+01	 1.909884e+01	 1.989140e+01
2.129931e+01	 1.973615e+01	 1.894150e+01
1.646037e+01	 -8.064259e+00	 3.670751e+01
7.874303e+01	 9.356338e+01	 1.093663e+02
8.274990e+01	 6.679788e+01	 2.817941e+01
1.706233e+02	 1.356497e+02	 9.916125e+01
8.404322e+01	 3.529267e+01	 -2.053409e+01
-3.792242e+01	 -6.997931e+01	 1.663579e+01
1.567885e+01	 1.624904e+01	 1.698429e+01
1.920365e+01	 1.898162e+01	 1.838813e+01
1.745932e+01	 -7.695578e+01	 -6.871997e+00
4.861780e+01	 6.719252e+01	 9.743208e+01
8.998962e+01	 7.986252e+01	 5.041585e+01
1.596074e+02	 1.253044e+02	 8.928616e+01
7.051368e+01	 1.065352e+01	 -5.225498e+01
-7.288782e+01	 -1.085943e+02	 -4.614222e+00
1.090463e+01	 2.203918e+01	 2.491934e+01
2.778146e+01	 2.591194e+01	 2.339802e+01
1.487769e+01	 -5.922235e+01	 3.508757e-01
4.852938e+01	 6.667454e+01	 9.581346e+01
8.252478e+01	 6.922680e+01	 3.398180e+01
1.439583e+02	 1.160638e+02	 8.295056e+01
6.570503e+01	 6.902789e+00	 -5.187073e+01
-6.976642e+01	 -1.043788e+02	 7.247810e+00
1.778185e+01	 2.668050e+01	 2.973379e+01
3.258754e+01	 2.626415e+01	 2.281504e+01
1.172294e+01	 -1.952399e+01	 2.660114e+01
6.598009e+01	 7.959848e+01	 9.582721e+01
7.161608e+01	 5.629701e+01	 1.709864e+01
1.155081e+02	 9.001013e+01	 5.924595e+01
4.346281e+01	 -8.453686e+00	 -6.152922e+01
-7.686472e+01	 -1.130528e+02	 9.812414e+00
1.158676e+01	 1.025925e+01	 1.015261e+01
1.065200e+01	 8.337802e+00	 7.816624e+00
8.349011e+00	 -1.326458e+01	 2.777260e+01
6.521129e+01	 7.844393e+01	 9.434952e+01
7.328147e+01	 6.071144e+01	 2.189761e+01
1.362589e+02	 1.064364e+02	 7.347712e+01
5.773554e+01	 5.132804e+00	 -5.178660e+01
-6.851263e+01	 -9.657058e+01	 8.279304e+00
1.227708e+01	 1.289445e+01	 1.313847e+01
1.422174e+01	 1.221757e+01	 1.121118e+01
8.610238e+00	 -3.579551e+01	 1.155116e+01
5.194333e+01	 6.659823e+01	 8.846120e+01
7.404126e+01	 6.192046e+01	 3.346510e+01
1.388705e+02	 1.093894e+02	 7.949472e+01
6.493784e+01	 1.644690e+01	 -3.757519e+01
-5.529933e+01	 -9.109645e+01	 1.559113e+01
8.482300e+00	 2.907054e+00	 1.228221e+00
3.148053e-01	 2.239152e+00	 4.088580e+00
1.020174e+01	 -2.953015e+01	 2.013057e+01
6.063822e+01	 7.524042e+01	 9.728243e+01
8.333737e+01	 7.151073e+01	 3.759539e+01
1.343367e+02	 1.066292e+02	 7.684385e+01
6.145193e+01	 1.171659e+01	 -4.300390e+01
-6.056288e+01	 -9.471297e+01	 1.032914e+01
6.308131e+00	 4.835417e+00	 4.684934e+00
5.005501e+00	 6.018354e+00	 7.205373e+00
8.827448e+00	 -1.861649e+01	 2.658188e+01
6.488219e+01	 7.856245e+01	 9.716173e+01
7.932122e+01	 6.601397e+01	 3.130580e+01
1.399629e+02	 1.107016e+02	 7.956392e+01
6.485910e+01	 1.513255e+01	 -3.913300e+01
-5.658870e+01	 -9.115934e+01	 1.314013e+01
7.641055e+00	 3.769085e+00	 2.550942e+00
2.033965e+00	 3.596285e+00	 5.103845e+00
9.699528e+00	 -2.908548e+01	 2.026057e+01
6.171788e+01	 7.670944e+01	 9.905908e+01
8.368529e+01	 7.119614e+01	 3.583361e+01
1.346582e+02	 1.032162e+02	 6.721705e+01
5.192931e+01	 1.125143e+00	 -5.581126e+01
-7.279172e+01	 -1.069303e+02	 -1.498531e+01
2.114072e+00	 1.155239e+01	 1.477112e+01
2.048954e+01	 1.871206e+01	 1.621887e+01
1.006940e+01	 -6.047154e+01	 -8.171401e+00
3.929842e+01	 5.564923e+01	 8.490505e+01
7.868017e+01	 6.932323e+01	 3.983504e+01
1.326851e+02	 1.044144e+02	 7.459567e+01
5.893519e+01	 1.218383e+01	 -3.394031e+01
-4.416556e+01	 -6.452309e+01	 6.840693e+00
9.345612e+00	 1.063513e+01	 1.122974e+01
1.124109e+01	 8.760634e+00	 8.073873e+00
6.163003e+00	 1.659395e+00	 4.320239e+01
8.131124e+01	 9.402449e+01	 1.071300e+02
8.303621e+01	 7.024691e+01	 3.721438e+01
1.171743e+02	 9.605428e+01	 7.115370e+01
5.714783e+01	 9.153536e+00	 -4.090474e+01
-5.856477e+01	 -9.273172e+01	 1.033744e+01
5.808193e+00	 3.653100e+00	 2.678018e+00
2.369711e+00	 3.041807e+00	 3.773046e+00
5.811205e+00	 -1.804942e+01	 2.811969e+01
6.991533e+01	 8.570900e+01	 1.121257e+02
9.933106e+01	 8.645490e+01	 5.124905e+01
1.374381e+02	 1.103449e+02	 7.727459e+01
6.154686e+01	 1.055727e+01	 -3.612896e+01
-4.802503e+01	 -7.455930e+01	 3.558817e+00
1.314337e+01	 2.044387e+01	 2.248576e+01
2.422443e+01	 1.821083e+01	 1.433600e+01
3.573833e+00	 3.501857e+00	 4.732879e+01
8.556333e+01	 9.709001e+01	 1.047816e+02
7.532838e+01	 5.987380e+01	 1.952330e+01
1.682820e+02	 1.320236e+02	 9.828901e+01
8.385931e+01	 3.985117e+01	 -9.794711e+00
-2.481717e+01	 -5.149320e+01	 -1.686620e+00
8.548878e+00	 1.465227e+01	 1.583928e+01
1.727001e+01	 1.433970e+01	 1.202489e+01
7.988674e+00	 -5.026149e+01	 1.009387e+01
5.962125e+01	 7.569183e+01	 9.916559e+01
8.629013e+01	 7.549915e+01	 4.513314e+01
9.825960e+01	 7.917537e+01	 5.657427e+01
4.199579e+01	 -1.452542e+01	 -7.263042e+01
-9.180335e+01	 -1.354063e+02	 2.053961e+01
1.279842e+01	 5.333317e+00	 2.594213e+00
-1.081979e+00	 -3.458769e+00	 -3.439758e+00
-2.661033e-01	 1.333036e+00	 4.112361e+01
8.148299e+01	 9.735719e+01	 1.219434e+02
1.037578e+02	 8.782727e+01	 3.900289e+01
1.294316e+02	 9.010991e+01	 5.385973e+01
3.809903e+01	 -1.648683e+01	 -7.691058e+01
-9.481669e+01	 -1.322680e+02	 1.774071e+01
1.999190e+01	 1.695188e+01	 1.547836e+01
1.260133e+01	 6.432051e+00	 3.648939e+00
-1.976790e+00	 -3.827553e+01	 2.069081e+01
6.907055e+01	 8.649729e+01	 1.135226e+02
9.676191e+01	 8.250392e+01	 3.989599e+01
1.942479e+02	 1.530630e+02	 1.135721e+02
9.565584e+01	 3.756287e+01	 -2.245810e+01
-4.098629e+01	 -7.927981e+01	 3.566570e+00
-2.474543e+00	 -4.156571e+00	 -3.694818e+00
-7.420452e-01	 4.984089e+00	 7.825065e+00
1.577663e+01	 -6.352394e+01	 4.230456e+00
5.605862e+01	 7.315168e+01	 9.803263e+01
8.101431e+01	 6.789418e+01	 3.086408e+01
1.729807e+02	 1.364772e+02	 9.999883e+01
8.266347e+01	 2.174839e+01	 -4.068248e+01
-6.238300e+01	 -1.113591e+02	 -1.111187e+01
-2.215236e+00	 6.562404e+00	 1.027634e+01
1.548353e+01	 1.543167e+01	 1.504552e+01
8.514692e+00	 -4.578403e+01	 1.165833e+01
5.710091e+01	 7.191909e+01	 9.236315e+01
7.233446e+01	 5.732122e+01	 1.547527e+01
1.970152e+02	 1.594977e+02	 1.190248e+02
1.013746e+02	 4.401240e+01	 -1.692411e+01
-3.506727e+01	 -7.014926e+01	 8.959724e+00
-9.677646e-01	 -4.377072e+00	 -4.303213e+00
-1.130327e+00	 4.202279e+00	 7.376288e+00
1.603319e+01	 -7.580778e+01	 -4.573585e+00
5.234662e+01	 7.095048e+01	 9.907878e+01
8.539196e+01	 7.222974e+01	 3.758675e+01
1.300199e+02	 9.802823e+01	 6.929209e+01
5.568621e+01	 6.864738e+00	 -4.383464e+01
-5.896682e+01	 -8.669570e+01	 1.638175e+01
9.497325e+00	 6.433304e+00	 6.059034e+00
5.120278e+00	 6.860910e+00	 7.390992e+00
1.034751e+01	 -4.601234e+01	 1.259202e+00
3.450129e+01	 4.575963e+01	 6.481110e+01
5.405165e+01	 4.614279e+01	 2.095436e+01
1.471078e+02	 1.146856e+02	 8.589823e+01
7.300927e+01	 2.865234e+01	 -1.539283e+01
-2.856111e+01	 -5.757178e+01	 7.852126e+00
8.583400e+00	 9.873656e+00	 1.074263e+01
1.321959e+01	 1.321073e+01	 1.324232e+01
1.466320e+01	 -3.316483e+01	 1.597401e+01
5.197317e+01	 6.379162e+01	 7.810410e+01
5.918455e+01	 4.730954e+01	 1.519477e+01
1.239889e+02	 9.736213e+01	 6.447434e+01
4.842969e+01	 5.078633e-03	 -4.640689e+01
-5.592654e+01	 -6.274177e+01	 1.207364e+01
8.272245e+00	 6.123740e+00	 5.864594e+00
4.541706e+00	 3.977454e+00	 4.698609e+00
7.471699e+00	 5.571683e+00	 4.469589e+01
8.046358e+01	 9.119785e+01	 9.721436e+01
6.807723e+01	 5.387120e+01	 2.288550e+01
1.558907e+02	 1.222432e+02	 8.688923e+01
7.203686e+01	 2.722354e+01	 -1.985672e+01
-3.039002e+01	 -4.034572e+01	 1.509258e+01
8.703216e+00	 5.260056e+00	 4.708624e+00
4.633499e+00	 4.951873e+00	 6.175427e+00
1.120255e+01	 -4.353276e+01	 1.274073e+01
5.940659e+01	 7.458442e+01	 9.408254e+01
7.774270e+01	 6.589087e+01	 3.849706e+01
1.375269e+02	 1.086168e+02	 7.665862e+01
6.186209e+01	 1.668561e+01	 -2.819403e+01
-3.736260e+01	 -4.528540e+01	 9.305040e+00
9.011617e+00	 9.208812e+00	 9.604511e+00
1.024060e+01	 8.871610e+00	 9.111143e+00
1.179149e+01	 -1.482035e+01	 2.867988e+01
6.803145e+01	 8.070960e+01	 9.437599e+01
7.308428e+01	 6.045302e+01	 3.199581e+01
1.576952e+02	 1.243929e+02	 8.477538e+01
6.382636e+01	 3.523138e+00	 -5.998995e+01
-7.590897e+01	 -1.024352e+02	 1.568498e+01
1.618679e+01	 1.761196e+01	 1.897755e+01
2.066641e+01	 1.631351e+01	 1.613200e+01
1.556144e+01	 -4.955800e-01	 4.755140e+01
9.087056e+01	 1.054053e+02	 1.179012e+02
8.649050e+01	 6.934230e+01	 3.079676e+01
1.462326e+02	 1.122146e+02	 7.979838e+01
6.284085e+01	 3.924366e+00	 -5.814378e+01
-7.661923e+01	 -1.125430e+02	 -4.415575e+00
7.762204e+00	 1.955870e+01	 2.389490e+01
2.771509e+01	 2.538235e+01	 2.173939e+01
1.126840e+01	 -4.012788e+01	 9.706437e+00
4.741550e+01	 6.087238e+01	 8.188568e+01
6.616809e+01	 5.434098e+01	 2.046935e+01
1.786768e+02	 1.396269e+02	 1.027671e+02
8.582439e+01	 2.860630e+01	 -3.139901e+01
-4.881863e+01	 -8.565430e+01	 9.648928e+00
9.711825e+00	 1.193146e+01	 1.375091e+01
1.835621e+01	 2.056236e+01	 2.269859e+01
2.597924e+01	 -4.007717e+01	 2.087088e+01
6.714572e+01	 8.211042e+01	 1.007896e+02
7.813389e+01	 6.276868e+01	 2.211452e+01
1.274737e+02	 9.993382e+01	 6.671787e+01
4.778436e+01	 -8.338315e+00	 -6.805529e+01
-8.476580e+01	 -1.220871e+02	 1.222036e+01
1.460357e+01	 1.852862e+01	 1.897646e+01
1.901916e+01	 1.604602e+01	 1.418298e+01
1.164666e+01	 -1.928844e+01	 2.186534e+01
5.679554e+01	 6.962347e+01	 8.414354e+01
6.351163e+01	 5.092468e+01	 1.278677e+01
1.259348e+02	 9.925440e+01	 6.598489e+01
4.727052e+01	 -8.826473e+00	 -6.814605e+01
-8.414819e+01	 -1.248975e+02	 8.492491e+00
1.418020e+01	 2.059303e+01	 2.183906e+01
2.254465e+01	 1.822012e+01	 1.507015e+01
9.097588e+00	 -1.980420e+01	 2.033548e+01
5.495973e+01	 6.788799e+01	 8.339433e+01
6.427344e+01	 5.173629e+01	 1.235372e+01
1.295349e+02	 1.038115e+02	 7.816313e+01
6.164896e+01	 4.641745e+00	 -5.634731e+01
-7.744110e+01	 -1.146925e+02	 -2.894166e+00
4.125543e+00	 1.214289e+01	 1.519783e+01
1.776084e+01	 1.670042e+01	 1.528858e+01
6.879239e+00	 -2.348601e+01	 1.728059e+01
4.936198e+01	 6.297262e+01	 8.482674e+01
6.763914e+01	 5.357756e+01	 2.035173e+01
1.369258e+02	 1.114648e+02	 8.167128e+01
6.402703e+01	 1.134241e+01	 -4.204916e+01
-5.770544e+01	 -7.935832e+01	 3.828292e-01
8.259350e+00	 1.495947e+01	 1.725267e+01
2.041314e+01	 1.657115e+01	 1.391643e+01
6.840104e+00	 -9.664767e+00	 3.097946e+01
6.867076e+01	 8.400796e+01	 1.028620e+02
8.246356e+01	 6.897926e+01	 3.790839e+01
1.543842e+02	 1.175994e+02	 8.284461e+01
6.711480e+01	 1.707662e+01	 -3.453206e+01
-4.951926e+01	 -7.939428e+01	 -4.285005e+00
7.222003e+00	 1.679985e+01	 2.030928e+01
2.564591e+01	 2.234671e+01	 1.955243e+01
9.998275e+00	 -3.532126e+01	 2.194123e+01
6.522358e+01	 7.934903e+01	 9.562982e+01
7.491585e+01	 6.152681e+01	 2.458808e+01
9.732517e+01	 7.540202e+01	 4.645558e+01
3.114334e+01	 -1.652255e+01	 -6.146619e+01
-7.444666e+01	 -1.072030e+02	 8.732841e+00
1.176914e+01	 1.401875e+01	 1.411252e+01
1.407709e+01	 9.034938e+00	 7.086454e+00
4.312883e+00	 -4.667893e+00	 3.553192e+01
7.215777e+01	 8.494301e+01	 9.902467e+01
7.889834e+01	 6.528458e+01	 2.467421e+01
1.335423e+02	 1.090887e+02	 7.460830e+01
5.693408e+01	 5.104837e+00	 -4.575384e+01
-5.810200e+01	 -7.750266e+01	 6.743086e+00
9.732855e+00	 1.265542e+01	 1.367529e+01
1.448880e+01	 1.163833e+01	 9.814735e+00
5.461563e+00	 -1.060644e+00	 3.703056e+01
7.545351e+01	 8.850304e+01	 1.010975e+02
7.601208e+01	 6.350815e+01	 3.270019e+01
1.402796e+02	 1.110201e+02	 8.224963e+01
6.798729e+01	 1.904792e+01	 -3.404015e+01
-5.110435e+01	 -8.076234e+01	 -1.325374e+00
1.040346e+01	 2.025771e+01	 2.420216e+01
3.069988e+01	 2.860341e+01	 2.586135e+01
1.594599e+01	 -4.173835e+01	 5.129182e+00
3.955742e+01	 5.207601e+01	 7.020190e+01
5.568950e+01	 4.490125e+01	 1.888247e+01
8.591172e+01	 6.078527e+01	 2.014970e+01
2.542397e+00	 -4.716884e+01	 -9.697419e+01
-1.063120e+02	 -8.821771e+01	 1.599611e+01
2.464201e+01	 2.826336e+01	 2.730753e+01
3.039897e+01	 2.037279e+01	 1.433227e+01
3.684069e+00	 1.833229e+01	 4.463658e+01
7.159966e+01	 7.866288e+01	 7.317896e+01
2.584375e+01	 7.555532e-01	 -4.144562e+01
1.410748e+02	 1.058838e+02	 7.259304e+01
5.852514e+01	 1.164404e+01	 -3.957490e+01
-5.474305e+01	 -8.270869e+01	 2.175257e+01
1.465738e+01	 1.591197e+01	 1.699076e+01
1.815750e+01	 1.886971e+01	 1.791097e+01
1.515851e+01	 -6.461086e+01	 -6.224212e+00
3.436437e+01	 4.803831e+01	 7.132043e+01
6.317097e+01	 5.434527e+01	 2.909893e+01
1.454156e+02	 1.126070e+02	 8.250537e+01
6.796691e+01	 1.906072e+01	 -3.307799e+01
-5.017380e+01	 -8.168463e+01	 -8.927304e-01
9.564348e+00	 1.930046e+01	 2.311227e+01
2.945397e+01	 2.782777e+01	 2.524231e+01
1.563125e+01	 -4.365999e+01	 6.643943e+00
4.181043e+01	 5.395293e+01	 7.150488e+01
5.618029e+01	 4.514949e+01	 1.777998e+01
1.315499e+02	 9.958125e+01	 7.058872e+01
5.616600e+01	 7.574191e+00	 -4.436798e+01
-5.935827e+01	 -8.693782e+01	 1.074797e+01
1.225086e+01	 1.606098e+01	 1.758942e+01
1.953434e+01	 2.056182e+01	 1.924744e+01
1.461298e+01	 -3.846806e+01	 7.397842e+00
4.155151e+01	 5.385165e+01	 7.170941e+01
5.697853e+01	 4.644626e+01	 2.000212e+01
1.062743e+02	 8.292803e+01	 5.930474e+01
4.702987e+01	 5.715495e+00	 -3.820441e+01
-5.178410e+01	 -7.848092e+01	 -5.763762e+00
1.846536e+00	 7.512504e+00	 9.567498e+00
1.243862e+01	 1.082831e+01	 9.257821e+00
3.479959e+00	 -1.967604e+01	 1.509477e+01
4.476865e+01	 5.654892e+01	 7.537054e+01
6.404763e+01	 5.409591e+01	 2.880585e+01
1.093369e+02	 8.244473e+01	 5.731746e+01
4.572996e+01	 6.621427e+00	 -3.481344e+01
-4.741796e+01	 -7.469378e+01	 1.777425e+00
3.951045e-01	 -5.944742e-01	 -6.540366e-01
3.060131e-02	 2.118547e+00	 2.779853e+00
4.778448e+00	 -2.487475e+01	 1.555728e+01
4.847791e+01	 6.030161e+01	 7.751372e+01
6.536577e+01	 5.542728e+01	 2.718339e+01
1.169602e+02	 9.294895e+01	 6.609346e+01
5.604429e+01	 1.857417e+01	 -2.456473e+01
-3.862751e+01	 -6.685230e+01	 -1.630601e+01
-1.900546e+00	 8.158476e+00	 1.152814e+01
1.632401e+01	 1.458648e+01	 1.275199e+01
6.834009e+00	 -4.401712e+01	 1.904807e+00
3.905948e+01	 5.110562e+01	 7.271413e+01
6.710866e+01	 5.890072e+01	 3.454664e+01
9.184892e+01	 7.046734e+01	 4.757798e+01
3.555150e+01	 -7.349147e+00	 -4.994384e+01
-6.376896e+01	 -9.710708e+01	 6.980466e+00
4.904301e+00	 2.274371e+00	 1.185804e+00
-4.778788e-01	 -5.414898e-01	 2.912914e-01
3.727206e+00	 -2.303700e+00	 3.019422e+01
5.744328e+01	 6.692627e+01	 7.676354e+01
5.575575e+01	 4.272202e+01	 4.628764e+00
1.057496e+02	 8.108699e+01	 5.622638e+01
4.321572e+01	 3.719837e-02	 -4.330418e+01
-5.610133e+01	 -8.254680e+01	 2.019571e+00
4.723330e+00	 5.920171e+00	 6.060771e+00
6.020658e+00	 4.235165e+00	 3.399704e+00
1.421914e+00	 -1.569348e+01	 1.940880e+01
4.899731e+01	 6.074912e+01	 7.563443e+01
5.961893e+01	 4.890152e+01	 2.019114e+01
1.073043e+02	 8.238967e+01	 5.775394e+01
4.414540e+01	 -2.228796e+00	 -4.918024e+01
-6.384148e+01	 -9.428935e+01	 5.992366e+00
1.805893e+01	 2.638382e+01	 2.868986e+01
3.118318e+01	 2.476395e+01	 2.117498e+01
1.096191e+01	 -1.821890e+01	 1.882035e+01
5.085445e+01	 6.320302e+01	 8.108717e+01
6.596030e+01	 5.408717e+01	 2.106443e+01
1.001397e+02	 8.316374e+01	 5.790427e+01
4.417252e+01	 3.616545e-01	 -4.892370e+01
-6.241316e+01	 -1.022712e+02	 1.475682e+01
1.325075e+01	 1.193000e+01	 1.131714e+01
1.079418e+01	 1.263631e+01	 1.245554e+01
1.528500e+01	 -1.055894e+01	 2.141893e+01
5.170150e+01	 6.320336e+01	 7.788699e+01
6.214296e+01	 5.207332e+01	 1.878309e+01
1.203589e+02	 9.120032e+01	 6.251018e+01
4.887002e+01	 4.363251e+00	 -4.006103e+01
-5.318388e+01	 -7.776415e+01	 1.722513e+01
1.439867e+01	 1.266911e+01	 1.187911e+01
1.124537e+01	 1.115421e+01	 1.165483e+01
1.367748e+01	 -2.208143e+01	 1.996603e+01
5.528061e+01	 6.830559e+01	 8.716308e+01
7.250812e+01	 6.111839e+01	 3.224033e+01
9.701857e+01	 7.765733e+01	 5.454051e+01
4.167045e+01	 -3.180404e+00	 -4.950894e+01
-6.463577e+01	 -9.678033e+01	 8.271555e+00
1.873347e+01	 2.555495e+01	 2.712815e+01
2.928291e+01	 2.328475e+01	 1.991065e+01
1.047528e+01	 -8.110505e+00	 2.268765e+01
5.232419e+01	 6.330326e+01	 7.880325e+01
6.341595e+01	 5.208472e+01	 2.041334e+01
1.040873e+02	 7.987701e+01	 5.373866e+01
3.983734e+01	 -5.164959e+00	 -4.858603e+01
-6.098112e+01	 -8.702092e+01	 1.121830e+01
1.441698e+01	 1.639849e+01	 1.718942e+01
1.795302e+01	 1.589032e+01	 1.507724e+01
1.235644e+01	 1.241734e-01	 3.297216e+01
6.250009e+01	 7.337202e+01	 8.439124e+01
6.365851e+01	 5.141170e+01	 1.953689e+01
5.772106e+01	 5.389742e+01	 4.641225e+01
3.808549e+01	 -3.212959e+00	 -4.455857e+01
-5.832534e+01	 -8.929955e+01	 -1.247622e+00
-8.310906e-01	 -1.516105e+00	 -1.556748e+00
-8.094893e-01	 -7.463734e-01	 -7.356532e-01
-1.358493e+00	 1.374986e+00	 2.910951e+01
6.416547e+01	 8.008248e+01	 1.080356e+02
1.007677e+02	 9.051300e+01	 5.746827e+01
8.339755e+01	 6.484298e+01	 3.947890e+01
2.705064e+01	 -2.014053e+01	 -7.248946e+01
-8.812606e+01	 -1.176831e+02	 -6.213967e+00
-2.590323e+00	 -5.133938e-01	 1.668117e-01
1.038307e+00	 -7.876085e-01	 -1.714597e+00
-3.714382e+00	 -2.041776e+01	 5.618010e+00
3.889379e+01	 5.264356e+01	 7.988556e+01
7.328434e+01	 6.380165e+01	 3.587611e+01
1.599535e+02	 1.233127e+02	 8.552723e+01
7.020296e+01	 2.241882e+01	 -2.704582e+01
-4.313748e+01	 -6.951312e+01	 1.110254e+01
4.485741e+00	 -1.218620e+00	 -2.685543e+00
-3.866363e+00	 -2.958658e+00	 -2.599904e+00
-5.599121e-01	 -9.508576e+01	 -2.794824e+01
2.509474e+01	 4.050289e+01	 6.536999e+01
5.941711e+01	 5.094722e+01	 3.044372e+01
5.599996e+01	 4.743211e+01	 3.673315e+01
2.975610e+01	 -1.149019e+01	 -5.387012e+01
-6.731414e+01	 -9.663758e+01	 5.880393e+00
-2.259899e+00	 -9.637492e+00	 -1.178909e+01
-1.573852e+01	 -1.352989e+01	 -1.155942e+01
-6.017307e+00	 -2.397617e+00	 2.648682e+01
6.040623e+01	 7.602970e+01	 1.047438e+02
9.777093e+01	 8.784048e+01	 5.577153e+01
1.648286e+02	 1.348905e+02	 1.032985e+02
8.928495e+01	 4.321982e+01	 -9.312498e+00
-2.156821e+01	 -4.037401e+01	 1.033601e+01
-3.753707e+00	 -1.245395e+01	 -1.455986e+01
-1.637113e+01	 -1.220739e+01	 -9.341558e+00
-2.317298e+00	 -4.346162e+01	 1.277159e+01
5.789871e+01	 7.201093e+01	 9.120470e+01
7.405406e+01	 6.217649e+01	 3.390393e+01
1.245596e+02	 9.402362e+01	 6.153675e+01
4.431504e+01	 -1.301131e+01	 -6.972797e+01
-8.627470e+01	 -1.255131e+02	 1.526125e+01
1.883850e+01	 2.314540e+01	 2.460034e+01
2.421952e+01	 1.884775e+01	 1.566807e+01
1.008246e+01	 -1.578284e+01	 2.569037e+01
6.036718e+01	 7.285496e+01	 8.835513e+01
6.752852e+01	 5.415963e+01	 1.319503e+01
1.298693e+02	 9.842707e+01	 6.687464e+01
5.020295e+01	 -6.562328e+00	 -6.399298e+01
-8.029938e+01	 -1.143371e+02	 1.058411e+01
1.728553e+01	 2.391478e+01	 2.602508e+01
2.789484e+01	 2.281374e+01	 1.870197e+01
1.093521e+01	 -2.149631e+01	 2.042624e+01
5.502689e+01	 6.816138e+01	 8.661896e+01
6.876259e+01	 5.699464e+01	 2.172711e+01
1.092728e+02	 6.292580e+01	 1.348568e+01
-2.558774e+00	 -5.563421e+01	 -8.316431e+01
-7.002421e+01	 -2.579234e+01	 2.009248e+01
3.048944e+01	 3.378158e+01	 3.457654e+01
3.885664e+01	 2.219289e+01	 1.370455e+01
1.746183e+00	 4.017946e+01	 7.583172e+01
9.833590e+01	 1.014452e+02	 8.083644e+01
1.594937e+01	 -2.102091e+00	 -1.161851e+01
1.346787e+02	 1.044204e+02	 7.042640e+01
5.370614e+01	 -1.082588e+00	 -5.971729e+01
-7.828503e+01	 -1.186784e+02	 1.845113e+01
1.353779e+01	 1.500434e+01	 1.539413e+01
1.586916e+01	 1.353417e+01	 1.285511e+01
1.323071e+01	 -3.325069e+01	 1.965168e+01
6.442887e+01	 8.050905e+01	 1.071034e+02
9.402577e+01	 8.183394e+01	 4.570970e+01
1.647272e+02	 1.268197e+02	 8.890474e+01
7.215893e+01	 1.854069e+01	 -3.662177e+01
-5.291426e+01	 -8.511464e+01	 1.596765e+01
8.807152e+00	 7.286709e+00	 7.028589e+00
7.754041e+00	 9.862727e+00	 1.138732e+01
1.515454e+01	 -2.684833e+01	 2.950349e+01
7.513161e+01	 9.035019e+01	 1.104575e+02
9.199770e+01	 7.845389e+01	 4.119480e+01
6.861914e+01	 6.937721e+01	 5.440335e+01
3.882004e+01	 -1.929608e+01	 -7.640339e+01
-9.570760e+01	 -1.361891e+02	 9.479739e+00
9.377378e+00	 9.918960e+00	 1.044000e+01
1.157769e+01	 1.023017e+01	 9.828981e+00
8.789705e+00	 1.989387e+01	 4.624544e+01
8.576724e+01	 1.025600e+02	 1.268104e+02
1.062472e+02	 8.944427e+01	 3.907115e+01
1.687913e+02	 1.338431e+02	 9.674793e+01
7.818803e+01	 1.520952e+01	 -4.725009e+01
-7.077889e+01	 -1.132349e+02	 2.232359e+01
1.121188e+01	 3.910916e+00	 1.953854e+00
9.125985e-01	 2.842755e+00	 5.441353e+00
1.227119e+01	 -4.314518e+01	 9.983071e+00
5.436211e+01	 6.937355e+01	 8.971607e+01
7.075482e+01	 5.522811e+01	 1.731622e+01
1.310799e+02	 1.014893e+02	 6.380177e+01
4.399332e+01	 -1.349721e+01	 -7.382544e+01
-9.162856e+01	 -1.368782e+02	 1.441548e+01
9.161604e+00	 5.125436e+00	 3.530648e+00
2.540548e+00	 3.579504e+00	 4.940623e+00
1.259641e+01	 -1.918326e+01	 2.228301e+01
5.903187e+01	 7.291481e+01	 8.916658e+01
7.070511e+01	 5.699129e+01	 1.354564e+01
1.602786e+02	 1.268350e+02	 9.220745e+01
7.501577e+01	 1.435857e+01	 -4.798812e+01
-7.074743e+01	 -1.092751e+02	 -7.596072e+00
5.231242e+00	 1.640260e+01	 2.065514e+01
2.448816e+01	 2.307480e+01	 2.120320e+01
1.081188e+01	 -4.882188e+01	 4.808869e+00
4.708588e+01	 6.164487e+01	 8.296387e+01
6.580863e+01	 5.151961e+01	 1.729694e+01
1.598841e+02	 1.284378e+02	 9.822858e+01
8.384728e+01	 2.989734e+01	 -2.797353e+01
-4.727632e+01	 -8.939680e+01	 1.978012e+00
1.047859e+01	 1.707719e+01	 2.030152e+01
2.558812e+01	 2.411061e+01	 2.301016e+01
1.752420e+01	 -3.385543e+01	 1.577926e+01
5.455214e+01	 6.765944e+01	 8.616058e+01
6.787058e+01	 5.503534e+01	 2.040296e+01
1.476975e+02	 1.148220e+02	 7.948919e+01
5.983304e+01	 1.792058e+00	 -5.977251e+01
-7.611908e+01	 -1.068995e+02	 1.960503e+00
9.890303e+00	 1.761611e+01	 1.981406e+01
2.043772e+01	 1.899537e+01	 1.652358e+01
1.077555e+01	 -5.520693e+01	 -9.285258e-01
4.319117e+01	 5.941185e+01	 8.654897e+01
7.548853e+01	 6.491357e+01	 3.395793e+01
1.523354e+02	 1.171797e+02	 8.319583e+01
6.573087e+01	 6.260782e+00	 -5.644216e+01
-7.693157e+01	 -1.152750e+02	 3.997390e+00
8.257127e+00	 1.378360e+01	 1.627460e+01
1.803766e+01	 1.886895e+01	 1.741188e+01
1.304122e+01	 -3.944882e+01	 1.201468e+01
5.063140e+01	 6.418464e+01	 8.327646e+01
6.434063e+01	 5.130601e+01	 1.668499e+01
1.238677e+02	 9.206725e+01	 6.489759e+01
5.152052e+01	 3.344082e+00	 -5.175509e+01
-6.904294e+01	 -1.022220e+02	 1.753541e+01
2.383722e+01	 2.891831e+01	 3.044118e+01
3.289294e+01	 2.742450e+01	 2.343836e+01
1.431403e+01	 -5.765222e+01	 3.271549e+00
5.048371e+01	 6.838180e+01	 1.019259e+02
9.761355e+01	 8.802098e+01	 5.662768e+01
1.463237e+02	 1.165775e+02	 7.957522e+01
5.826989e+01	 -3.973427e+00	 -6.904645e+01
-8.661632e+01	 -1.262017e+02	 2.053442e+01
1.557465e+01	 1.390572e+01	 1.209021e+01
1.154219e+01	 1.347125e+01	 1.384540e+01
2.002673e+01	 -1.086665e+01	 3.122959e+01
6.801957e+01	 8.158267e+01	 9.267230e+01
6.499965e+01	 5.022666e+01	 7.096065e+00
1.349283e+02	 9.932365e+01	 6.298122e+01
4.440070e+01	 -1.284018e+01	 -7.697436e+01
-9.461350e+01	 -1.313092e+02	 2.221190e+01
2.013714e+01	 1.871451e+01	 1.719077e+01
1.350105e+01	 1.266570e+01	 1.166897e+01
1.271434e+01	 -3.755267e+01	 1.593969e+01
6.118415e+01	 7.770121e+01	 1.033781e+02
8.700853e+01	 7.337508e+01	 3.352657e+01
1.723926e+02	 1.429061e+02	 1.069899e+02
9.065146e+01	 3.154316e+01	 -3.160611e+01
-5.204080e+01	 -9.335627e+01	 1.806331e+01
1.322413e+01	 1.216771e+01	 1.333116e+01
1.726220e+01	 1.973466e+01	 2.127163e+01
2.197702e+01	 -4.110543e+01	 1.503585e+01
6.361960e+01	 7.979546e+01	 1.035443e+02
8.416941e+01	 6.999200e+01	 3.208878e+01
1.606685e+02	 1.244278e+02	 8.717535e+01
6.871050e+01	 1.067084e+01	 -4.910722e+01
-6.770535e+01	 -1.009870e+02	 4.772643e+00
1.405557e+01	 2.290513e+01	 2.590851e+01
2.992337e+01	 2.593202e+01	 2.264693e+01
1.436624e+01	 -3.025218e+01	 2.545873e+01
7.391091e+01	 9.226752e+01	 1.193176e+02
1.033481e+02	 9.004135e+01	 5.274111e+01
1.532502e+02	 1.213263e+02	 8.744614e+01
7.062126e+01	 1.838327e+01	 -3.719037e+01
-5.369234e+01	 -8.828511e+01	 8.443315e+00
1.293812e+01	 1.722978e+01	 1.917818e+01
2.185467e+01	 1.996711e+01	 1.818099e+01
1.428565e+01	 -1.681638e+01	 3.406976e+01
7.872737e+01	 9.431689e+01	 1.152562e+02
9.685233e+01	 8.349883e+01	 4.575035e+01
1.413638e+02	 1.100609e+02	 7.919954e+01
6.396007e+01	 1.481215e+01	 -3.954559e+01
-5.653217e+01	 -8.776365e+01	 9.191290e+00
1.798172e+01	 2.651898e+01	 2.897124e+01
3.303675e+01	 2.956447e+01	 2.690866e+01
1.953146e+01	 -5.545239e+01	 1.632566e+00
4.663525e+01	 6.279983e+01	 8.990419e+01
8.088116e+01	 7.035477e+01	 4.111595e+01
1.377068e+02	 1.068563e+02	 7.656726e+01
6.085302e+01	 7.185840e+00	 -4.857296e+01
-6.548673e+01	 -9.545111e+01	 3.400563e+00
1.643672e+01	 2.744321e+01	 3.099563e+01
3.562450e+01	 3.146339e+01	 2.827052e+01
1.813512e+01	 -3.426160e+01	 1.416399e+01
5.279137e+01	 6.711520e+01	 8.864194e+01
7.249023e+01	 5.985358e+01	 2.717137e+01
1.233260e+02	 9.723305e+01	 6.691084e+01
5.112537e+01	 -2.246059e+00	 -5.661672e+01
-7.247218e+01	 -1.076987e+02	 8.111251e+00
2.104853e+01	 3.049202e+01	 3.368137e+01
3.764153e+01	 3.110624e+01	 2.705670e+01
1.439617e+01	 -1.808002e+01	 2.380640e+01
6.091735e+01	 7.454634e+01	 9.128634e+01
7.101555e+01	 5.746602e+01	 1.977360e+01
1.391807e+02	 1.094382e+02	 7.907960e+01
6.414121e+01	 1.560684e+01	 -3.946323e+01
-5.704120e+01	 -9.251117e+01	 1.872897e+01
1.701087e+01	 1.992999e+01	 2.020221e+01
2.110403e+01	 2.076802e+01	 2.052032e+01
1.848968e+01	 -5.290840e+01	 2.248002e+00
4.614494e+01	 6.218377e+01	 8.973944e+01
8.113440e+01	 7.077196e+01	 4.037778e+01
1.420194e+02	 1.094229e+02	 7.851343e+01
6.296179e+01	 1.192689e+01	 -4.275777e+01
-5.922016e+01	 -8.700013e+01	 9.341343e+00
1.571163e+01	 2.313248e+01	 2.548130e+01
2.870185e+01	 2.621334e+01	 2.424963e+01
1.802590e+01	 -3.970711e+01	 1.265652e+01
5.306512e+01	 6.757004e+01	 8.970905e+01
7.506511e+01	 6.308923e+01	 3.320451e+01
1.824595e+02	 1.431247e+02	 1.061993e+02
8.702145e+01	 3.144415e+01	 -2.416648e+01
-3.866573e+01	 -5.087020e+01	 -2.687587e+00
6.477654e+00	 1.522334e+01	 1.699893e+01
1.828882e+01	 1.391878e+01	 1.179181e+01
4.236733e+00	 -4.892017e+01	 1.685426e+01
6.677761e+01	 8.487117e+01	 1.087554e+02
8.922929e+01	 7.553510e+01	 4.809717e+01
1.431273e+02	 1.140762e+02	 6.825352e+01
5.313462e+01	 3.248368e+00	 -5.337349e+01
-7.007599e+01	 -1.029651e+02	 -2.730820e+01
-7.046974e+00	 6.641034e+00	 9.912082e+00
1.618237e+01	 1.663242e+01	 1.472326e+01
9.637614e+00	 -9.577645e+01	 -3.150914e+01
3.632738e+01	 5.598305e+01	 9.388952e+01
9.531451e+01	 8.724697e+01	 5.898166e+01
6.939435e+01	 6.069366e+01	 5.150178e+01
3.752465e+01	 -1.058942e+01	 -6.307290e+01
-8.096161e+01	 -1.133583e+02	 1.635559e+00
6.619121e+00	 1.179164e+01	 1.499776e+01
2.273270e+01	 2.202461e+01	 2.079635e+01
1.468764e+01	 2.161512e+01	 5.125290e+01
8.331682e+01	 9.804766e+01	 1.175307e+02
9.698670e+01	 8.102596e+01	 3.905220e+01
2.002175e+02	 1.589791e+02	 1.173279e+02
1.002522e+02	 4.418726e+01	 -1.333617e+01
-2.999829e+01	 -4.922552e+01	 3.341187e+01
1.287133e+01	 3.391281e+00	 2.934903e+00
-9.911171e-01	 -8.949916e-01	 3.218137e-01
2.195051e+00	 -9.158951e+01	 -1.015193e+01
5.287246e+01	 7.232362e+01	 1.078417e+02
9.953037e+01	 8.765940e+01	 5.998048e+01
1.505821e+02	 1.244452e+02	 9.115617e+01
7.436189e+01	 2.155991e+01	 -3.013605e+01
-4.213409e+01	 -7.352263e+01	 7.811575e+00
1.135122e+01	 1.332908e+01	 1.317557e+01
1.192081e+01	 8.313966e+00	 5.497462e+00
2.063324e+00	 -8.505040e+00	 3.435492e+01
7.338238e+01	 8.580232e+01	 9.656886e+01
6.966115e+01	 5.625849e+01	 1.819575e+01
1.569546e+02	 1.235467e+02	 8.825099e+01
7.183583e+01	 2.129045e+01	 -3.075192e+01
-4.525702e+01	 -6.620174e+01	 1.190515e+01
1.439447e+01	 1.746674e+01	 1.880220e+01
2.166167e+01	 1.971784e+01	 1.928443e+01
1.777875e+01	 -2.726588e+01	 2.715174e+01
7.342367e+01	 8.898576e+01	 1.085496e+02
8.887827e+01	 7.540722e+01	 4.245790e+01
1.609802e+02	 1.245253e+02	 9.064246e+01
7.406558e+01	 1.704152e+01	 -4.058870e+01
-6.019948e+01	 -9.495090e+01	 2.071701e+00
9.666688e+00	 1.755845e+01	 2.076839e+01
2.437578e+01	 2.375982e+01	 2.378585e+01
1.767386e+01	 -4.511310e+01	 8.551560e+00
4.890206e+01	 6.263714e+01	 8.113307e+01
6.253103e+01	 4.808226e+01	 1.478646e+01
1.456410e+02	 1.185752e+02	 8.870608e+01
7.317662e+01	 1.984449e+01	 -3.270335e+01
-4.853641e+01	 -8.990150e+01	 5.210731e+00
1.684701e+01	 2.694021e+01	 3.101405e+01
3.620413e+01	 3.322152e+01	 3.099723e+01
2.055978e+01	 -7.213663e+00	 3.569632e+01
7.005032e+01	 8.083394e+01	 8.923110e+01
6.104848e+01	 4.582636e+01	 5.004628e+00
1.020500e+02	 7.860308e+01	 5.304206e+01
3.873309e+01	 -9.203901e+00	 -5.971275e+01
-7.687614e+01	 -1.123959e+02	 1.589961e+01
2.227542e+01	 2.757427e+01	 2.924705e+01
3.190290e+01	 2.561750e+01	 2.227235e+01
1.443571e+01	 -2.754736e+01	 1.528299e+01
5.496180e+01	 7.065895e+01	 9.751865e+01
8.887527e+01	 7.810518e+01	 4.519674e+01
7.504604e+01	 9.219165e+01	 7.623823e+01
6.374728e+01	 1.442345e+01	 -3.762044e+01
-5.952937e+01	 -1.002000e+02	 2.446890e+01
2.069019e+01	 2.522300e+01	 2.060969e+01
1.622187e+01	 1.661871e+01	 1.545111e+01
1.397557e+01	 -6.333269e+01	 -3.496528e+01
2.061395e+01	 4.489408e+01	 9.100435e+01
9.711075e+01	 8.939937e+01	 6.033301e+01
