4.572307e-01	 9.861110e-01	 -7.819943e-01
-5.595994e-01	 7.778022e-01	 -6.735638e-01
5.991563e-01	 -4.680999e-01	 8.228889e-01
-4.786492e-01	 9.849588e-02	 1.233293e-01
1.100033e-01	 1.001626e-01	 1.038534e-01
1.028671e-01	 9.941094e-02	 9.855221e-02
1.068551e-01	 9.789259e-02	 8.838770e-01
1.112428e-01	 6.135015e-01	 8.226883e-01
6.198695e-01	 7.319359e-01	 7.944364e-01
8.781628e-01	 5.580644e-01	 8.725319e-01
7.848413e-01	 -1.567461e-01	 -6.897330e-01
6.438910e-01	 -9.940953e-01	 -1.534853e-01
6.290803e-01	 9.924214e-01	 4.009483e-01
-9.947607e-01	 1.249980e-01	 1.690662e-01
1.435507e-01	 1.382303e-01	 1.030690e-01
1.691975e-01	 1.395474e-01	 6.401270e-02
1.542172e-01	 9.654401e-02	 6.069593e-01
9.730608e-01	 7.096912e-01	 7.525269e-01
3.393115e-02	 9.735576e-01	 7.647120e-01
-1.048911e-01	 9.030269e-01	 -3.362222e-02
-7.179675e-01	 9.933049e-01	 -6.750635e-01
7.321657e-01	 -6.845495e-01	 -4.979429e-01
9.042619e-01	 -4.354053e-01	 9.138420e-01
-1.714519e-04	 1.497051e-01	 1.126567e-01
1.531720e-01	 1.540095e-01	 1.526740e-01
1.637567e-01	 1.384710e-01	 1.661966e-01
1.375014e-01	 1.808085e-01	 6.797875e-01
2.556861e-02	 7.216839e-01	 6.634865e-01
7.127992e-01	 8.516082e-01	 4.039012e-01
8.847604e-01	 3.820813e-01	 9.835183e-01
-9.622149e-01	 -9.979888e-01	 9.880395e-01
-9.097331e-01	 2.785059e-02	 2.587425e-01
-1.741240e-01	 -4.055317e-01	 -9.925232e-01
-5.886072e-01	 1.194935e-01	 5.922859e-02
8.865449e-02	 1.485881e-01	 2.305281e-01
2.237742e-01	 2.313247e-01	 2.260585e-01
8.375085e-02	 2.130153e-01	 2.446707e-01
-2.259174e-02	 1.261676e-01	 3.876949e-01
9.726670e-01	 9.396688e-01	 9.571676e-01
8.856871e-01	 8.878854e-02	 7.798500e-01
2.592020e-03	 7.624730e-01	 -4.890988e-01
5.380023e-01	 9.801791e-01	 -2.496656e-01
-8.457448e-01	 7.253246e-01	 4.849443e-01
-7.538485e-01	 7.165638e-02	 7.493342e-02
7.410942e-02	 6.852394e-02	 1.220718e-01
7.118922e-02	 1.003014e-01	 7.388060e-02
6.837144e-02	 9.008992e-02	 9.974260e-01
6.426663e-01	 8.690743e-01	 8.401535e-01
-1.560365e-01	 9.657118e-01	 5.240758e-01
6.844310e-01	 8.718683e-01	 6.508427e-01
-9.190243e-01	 -9.149186e-01	 1.988340e-01
8.419390e-01	 -6.184005e-01	 -8.189222e-01
-1.941910e-01	 3.167247e-01	 -4.411959e-01
-3.108761e-01	 1.443350e-01	 1.448780e-01
1.592478e-01	 1.404510e-01	 1.528121e-01
1.472060e-01	 1.584144e-01	 1.556539e-01
1.544397e-01	 1.567607e-01	 3.668265e-01
3.767417e-01	 9.670084e-01	 5.209724e-01
7.708627e-01	 5.547042e-01	 9.680882e-01
9.356588e-01	 8.840218e-01	 9.374338e-01
1.982231e-01	 -3.518166e-01	 -2.219916e-01
3.570157e-01	 7.395927e-01	 -2.650873e-02
-2.196808e-02	 -4.376225e-02	 -8.861001e-01
6.748019e-01	 1.829312e-01	 1.764232e-01
1.785773e-01	 1.809150e-01	 1.626452e-01
1.831234e-01	 1.830475e-01	 1.831511e-01
1.435114e-01	 1.664907e-01	 9.629350e-01
9.192932e-01	 9.585561e-01	 9.164112e-01
6.531073e-01	 9.827325e-01	 9.828586e-01
9.821102e-01	 4.407165e-01	 7.189738e-01
-4.952259e-01	 3.154533e-02	 2.698862e-01
4.487114e-02	 -9.469159e-01	 -8.239442e-01
-9.031325e-01	 4.739583e-01	 -8.433440e-01
6.593533e-01	 1.329801e-01	 1.550176e-01
1.401347e-01	 1.542192e-01	 7.578000e-02
2.519845e-02	 1.319789e-01	 1.258086e-01
3.573238e-02	 1.166776e-01	 8.585264e-01
9.874079e-01	 9.526404e-01	 9.870172e-01
-3.124224e-01	 -5.661105e-01	 4.085747e-01
8.715135e-01	 -5.361848e-01	 7.427244e-01
3.538045e-01	 -9.871138e-01	 9.427216e-01
9.469898e-01	 -2.644465e-01	 -6.195624e-01
-7.899749e-01	 -9.854954e-01	 8.853471e-01
-4.701992e-01	 1.467503e-01	 1.363875e-01
1.307740e-01	 1.305249e-01	 1.527313e-01
1.508108e-01	 1.480659e-01	 1.369576e-01
1.317654e-01	 1.520903e-01	 9.237352e-01
8.369516e-02	 3.068779e-01	 2.935535e-01
9.522296e-01	 7.703237e-01	 5.949925e-01
1.002065e-01	 4.458682e-01	 8.693568e-01
7.202409e-01	 -7.500863e-01	 1.070699e-01
2.844563e-02	 -1.604144e-01	 9.870735e-01
2.998473e-01	 -9.792375e-01	 -4.919122e-01
9.764309e-01	 1.984717e-01	 1.946704e-01
2.343776e-01	 2.359614e-01	 2.321897e-01
1.330561e-01	 2.314160e-01	 1.434199e-01
2.214611e-01	 1.425206e-01	 6.647270e-01
6.320396e-01	 9.662314e-01	 9.713460e-01
9.593514e-01	 8.934179e-02	 9.254935e-01
1.432640e-01	 8.420079e-01	 1.620823e-01
-9.754906e-01	 -3.605447e-01	 3.684566e-01
-5.338208e-02	 -7.651345e-01	 -8.611899e-01
9.869922e-01	 8.949861e-01	 -9.728172e-01
9.878172e-01	 2.189269e-01	 2.727840e-01
2.509130e-01	 2.678302e-01	 2.612792e-01
2.519620e-01	 1.499197e-01	 1.852187e-01
2.172725e-01	 1.488493e-01	 -2.211564e-02
8.919621e-01	 8.951438e-01	 9.619861e-01
5.884746e-01	 4.414376e-01	 5.805514e-02
4.058249e-01	 -8.012049e-02	 4.539852e-02
5.332763e-01	 -9.840786e-01	 -1.104527e-02
-6.999024e-01	 2.662410e-01	 9.615053e-01
-2.040291e-01	 1.339408e-01	 -7.753487e-03
-8.871354e-01	 2.680935e-01	 1.429780e-01
2.617752e-01	 2.137444e-01	 2.682998e-01
2.346659e-01	 2.557717e-01	 2.661101e-01
2.621618e-01	 1.850789e-01	 8.023355e-01
-1.055776e-01	 9.650657e-01	 6.815057e-01
9.258137e-01	 1.429665e-01	 9.449619e-01
9.545917e-01	 9.649928e-01	 4.227725e-01
-5.394506e-01	 -7.803179e-01	 9.430943e-01
9.740619e-01	 5.823163e-01	 -5.580353e-01
9.424529e-01	 8.912192e-01	 1.486223e-01
-1.884264e-01	 2.349958e-01	 2.220292e-01
2.067309e-01	 1.807817e-01	 2.387885e-01
2.344558e-01	 1.776708e-01	 2.143295e-01
2.539708e-01	 2.490621e-01	 8.085604e-01
5.846426e-01	 2.604524e-01	 -1.360932e-01
7.771022e-01	 7.960069e-01	 -2.832238e-01
3.997389e-01	 9.557250e-01	 9.499808e-01
9.819056e-01	 -9.633969e-01	 6.444243e-01
9.770153e-01	 9.647859e-01	 -7.771173e-01
3.764779e-01	 9.838168e-01	 -7.020125e-02
-9.545877e-01	 1.726147e-01	 1.973512e-01
2.461275e-01	 1.696467e-01	 1.943183e-01
2.337039e-01	 2.651448e-01	 1.782992e-01
2.738814e-01	 1.992127e-01	 -7.788221e-02
1.814360e-01	 7.239741e-01	 -1.290775e-01
1.772808e-01	 5.843553e-01	 8.876726e-01
-1.772028e-02	 9.591980e-01	 2.215324e-01
-7.217901e-01	 7.832871e-01	 -3.922886e-01
5.639174e-01	 9.654959e-01	 -4.517332e-01
-4.681079e-01	 8.785844e-01	 -9.657007e-01
5.087211e-01	 1.410326e-01	 2.073895e-01
1.441332e-01	 1.828217e-01	 2.577506e-01
1.420612e-01	 1.412007e-01	 2.235769e-01
1.694094e-01	 1.777218e-01	 6.775905e-01
5.860469e-01	 9.084797e-01	 8.053406e-01
3.717865e-02	 8.807699e-01	 8.723172e-01
4.220223e-01	 1.967807e-01	 8.423882e-01
-7.361016e-01	 2.961743e-01	 -1.251897e-01
3.590733e-01	 8.975478e-01	 4.352325e-01
-3.803649e-01	 8.225098e-01	 9.703090e-01
-9.774339e-01	 2.367985e-01	 2.656936e-01
2.710959e-01	 2.613415e-01	 1.967823e-01
2.575955e-01	 2.641683e-01	 2.168794e-01
1.010311e-01	 1.631555e-01	 6.340985e-01
9.174354e-01	 9.543765e-01	 8.959727e-01
3.945691e-01	 8.626802e-01	 8.863056e-01
5.257766e-01	 -2.197569e-01	 1.341765e-01
-9.279309e-01	 8.594821e-02	 4.929358e-02
-7.252615e-01	 7.044283e-01	 9.910941e-01
4.187248e-01	 2.465727e-01	 2.261653e-01
-9.483466e-01	 1.948655e-01	 2.941041e-01
2.949866e-01	 2.525452e-01	 2.450858e-01
9.900924e-02	 2.767014e-01	 2.871806e-01
2.884158e-01	 1.830821e-01	 3.177604e-01
9.519011e-01	 9.542290e-01	 6.404816e-01
6.661184e-01	 -8.904838e-02	 8.649312e-01
9.255967e-01	 9.304115e-01	 2.590748e-01
6.315752e-01	 8.128983e-01	 6.024512e-01
5.109358e-01	 -5.315507e-01	 5.883307e-01
-8.441040e-01	 9.795658e-01	 9.770494e-01
-1.381565e-01	 1.380077e-01	 1.393730e-01
1.381260e-01	 1.384896e-01	 1.657249e-01
1.388152e-01	 1.902440e-01	 1.402890e-01
1.405332e-01	 1.519291e-01	 7.629329e-01
5.654834e-01	 7.861130e-01	 8.483898e-01
8.306558e-01	 7.966161e-01	 5.012940e-01
1.441177e-01	 1.600778e-01	 9.786881e-01
-9.283721e-01	 1.105868e-01	 -9.886735e-01
-8.624173e-01	 -3.120505e-01	 -9.782827e-01
5.516239e-01	 9.807383e-01	 9.450222e-01
2.411442e-01	 1.596517e-01	 2.018940e-01
1.496861e-01	 1.659189e-01	 1.916412e-01
1.552904e-01	 2.038949e-01	 1.875534e-01
1.970225e-01	 2.024444e-01	 3.356138e-01
9.731441e-01	 -1.089966e-02	 4.782335e-01
9.305365e-01	 -1.372875e-01	 8.087880e-01
5.455406e-02	 2.609890e-01	 9.491395e-01
9.863325e-01	 -9.041216e-01	 1.987921e-01
6.124389e-01	 -2.160455e-02	 1.254840e-01
9.809642e-01	 -4.337467e-01	 -8.860012e-01
-7.161212e-01	 1.629377e-01	 1.665654e-01
2.458040e-01	 2.356046e-01	 2.435735e-01
2.447291e-01	 1.710763e-01	 2.285685e-01
1.712778e-01	 2.053504e-01	 2.448447e-02
3.934720e-01	 9.487160e-01	 7.545920e-01
9.696418e-01	 9.614372e-01	 9.188109e-02
8.715619e-01	 4.308895e-01	 6.670844e-01
9.872924e-01	 9.955406e-01	 8.726150e-01
-6.073588e-01	 -3.034593e-01	 -9.659922e-01
4.912652e-01	 4.653390e-01	 -9.852122e-01
1.175530e-01	 1.125340e-01	 8.008751e-02
1.682595e-01	 1.451209e-01	 1.867085e-01
3.949809e-02	 2.102096e-01	 2.112894e-01
2.521123e-02	 2.099201e-01	 1.122040e-01
-4.984954e-02	 4.585104e-01	 7.810603e-01
9.343727e-01	 2.555365e-01	 8.452635e-01
8.595443e-01	 1.694736e-01	 9.706260e-01
-5.450502e-01	 -2.575557e-03	 9.727292e-01
-9.681586e-01	 2.875319e-01	 6.261364e-01
8.110970e-01	 8.192412e-02	 1.463656e-01
8.800638e-01	 7.731005e-02	 7.720511e-02
7.262821e-02	 8.268854e-02	 7.457599e-02
7.173235e-02	 6.864500e-02	 7.416391e-02
7.489530e-02	 7.000070e-02	 8.348314e-01
9.970119e-01	 2.202796e-01	 2.362871e-01
9.548633e-01	 7.764069e-01	 5.808696e-01
9.938753e-01	 9.863913e-01	 4.696675e-01
5.676745e-01	 -1.049733e-01	 5.218167e-01
8.280155e-01	 1.858398e-01	 9.944508e-01
9.859754e-01	 9.417400e-01	 6.598815e-01
7.659172e-01	 1.365318e-01	 1.822751e-01
1.415645e-01	 9.719291e-02	 1.709077e-01
4.487103e-02	 1.876523e-02	 7.050612e-02
1.241202e-01	 1.082672e-01	 8.118527e-01
9.776279e-01	 8.412294e-01	 5.522173e-01
9.676023e-01	 9.515396e-02	 -1.658323e-01
3.288687e-01	 7.410470e-01	 6.337579e-01
-8.064679e-01	 -1.496758e-01	 1.571270e-01
-9.409819e-01	 -4.753873e-01	 -4.203695e-01
-8.675711e-01	 7.688740e-01	 6.182664e-01
-7.473218e-01	 4.869263e-02	 6.008445e-02
6.723471e-02	 5.522996e-02	 5.008581e-02
5.256834e-02	 4.912965e-02	 1.079561e-01
9.409087e-02	 4.925811e-02	 5.892695e-01
9.869078e-01	 9.852871e-01	 3.339201e-01
8.783498e-01	 9.058289e-01	 4.948805e-01
6.302208e-01	 7.803163e-01	 6.626340e-01
-1.376992e-02	 4.577269e-01	 9.186612e-01
4.324266e-01	 1.642389e-02	 -1.561455e-01
-9.779950e-01	 6.450158e-01	 -5.871956e-01
-8.956603e-02	 1.807483e-01	 1.824456e-01
1.377376e-01	 1.830997e-01	 1.811795e-01
1.726037e-01	 2.482260e-02	 1.706962e-01
1.370896e-01	 1.767861e-01	 9.834330e-01
8.701722e-01	 3.702566e-01	 8.828826e-01
9.833129e-01	 9.725361e-01	 2.071463e-01
7.448607e-01	 7.977517e-01	 9.801656e-01
-9.233999e-01	 -8.266086e-01	 1.103719e-01
-4.439414e-01	 1.352732e-01	 -6.787456e-01
7.517893e-01	 9.745120e-01	 -6.666785e-01
9.890524e-01	 -3.254234e-02	 -4.667976e-02
-6.359716e-02	 -6.864021e-02	 -6.244915e-02
-5.798885e-02	 -2.941103e-02	 6.281134e-02
-5.839288e-02	 2.403739e-02	 3.824573e-01
5.608379e-01	 9.918535e-01	 8.934230e-01
9.888383e-01	 7.320804e-01	 6.587472e-01
-2.153627e-01	 7.430546e-01	 1.455935e-01
9.932860e-01	 8.671923e-01	 -6.776516e-01
6.120367e-03	 4.304146e-01	 8.566836e-01
1.135025e-01	 9.165885e-01	 1.831246e-01
-5.701039e-01	 1.401893e-02	 4.676926e-02
1.897612e-02	 6.999498e-02	 7.218946e-02
4.774385e-02	 6.871670e-02	 4.166253e-02
7.229307e-02	 3.442391e-02	 1.148317e-01
4.957722e-01	 7.351382e-01	 9.975286e-01
8.997399e-01	 5.136280e-01	 9.911585e-01
3.976553e-01	 9.804280e-01	 8.208511e-01
-6.721543e-02	 6.268861e-01	 4.683952e-01
-5.804838e-01	 8.071658e-01	 3.104280e-01
5.508366e-01	 9.567070e-01	 -2.352268e-01
-9.168270e-01	 1.111853e-01	 6.244775e-02
8.401591e-02	 9.929389e-02	 2.439939e-02
9.592295e-02	 7.411324e-02	 -2.885296e-02
1.122514e-01	 4.152231e-02	 9.915240e-01
7.766042e-01	 8.795153e-01	 8.081951e-01
5.898203e-01	 9.457448e-01	 8.313160e-01
2.896191e-01	 9.654367e-01	 3.971198e-01
6.750791e-01	 4.265809e-01	 6.436335e-02
-7.872205e-01	 -8.858359e-01	 3.950410e-01
-9.450841e-01	 3.831439e-01	 9.465553e-01
-9.946819e-01	 -1.129464e-02	 -1.122494e-04
1.148876e-02	 4.403961e-02	 5.188789e-02
8.686983e-04	 5.961526e-02	 1.474603e-03
-2.239496e-02	 7.223745e-02	 7.376589e-01
9.044494e-01	 9.978604e-01	 6.150971e-01
4.610883e-01	 9.186631e-01	 3.213442e-01
9.236875e-01	 3.217632e-01	 -7.341447e-02
7.833252e-01	 -4.067832e-01	 -2.076658e-01
6.559450e-01	 -8.492704e-01	 -8.792675e-01
-2.382491e-01	 -5.508137e-02	 -2.218420e-01
9.490550e-01	 1.329122e-02	 -6.092582e-03
5.302201e-03	 1.193067e-02	 -1.975760e-02
-1.897014e-02	 3.145506e-03	 7.073922e-03
4.041959e-03	 1.411731e-02	 6.214701e-01
9.135044e-01	 9.781855e-01	 7.547144e-01
5.275883e-01	 4.759504e-01	 9.711990e-01
9.984568e-01	 9.750743e-01	 3.147940e-01
9.904569e-01	 -9.910236e-01	 9.403167e-01
-9.501668e-01	 -1.918630e-01	 -4.763700e-01
-9.908409e-01	 -9.906801e-01	 -9.885865e-01
-3.014043e-01	 1.143683e-01	 1.327813e-01
1.172787e-01	 1.203257e-01	 1.118240e-01
1.120344e-01	 1.346894e-01	 1.358907e-01
1.401716e-01	 1.121090e-01	 7.690914e-02
1.553563e-02	 3.194529e-01	 2.875842e-01
9.750302e-01	 8.720779e-01	 9.647015e-03
-9.306234e-03	 -5.521543e-02	 9.468828e-01
9.939907e-01	 5.751154e-01	 4.510777e-01
-9.680196e-01	 9.946672e-01	 9.270384e-01
9.870010e-01	 -6.749656e-01	 4.326958e-01
9.301211e-01	 7.323825e-02	 3.318823e-02
3.883525e-02	 2.086942e-01	 7.461489e-02
4.600401e-02	 9.997350e-02	 1.030312e-01
3.958990e-02	 4.656555e-02	 8.135528e-02
8.173988e-01	 8.916394e-01	 1.392295e-01
7.120175e-02	 3.721337e-01	 -1.258341e-01
7.306203e-01	 9.006703e-01	 3.642888e-01
1.538642e-01	 -4.425405e-01	 4.258148e-01
-9.522715e-01	 -9.747118e-01	 1.280969e-01
-3.479168e-01	 -9.578782e-01	 -9.869358e-01
-5.464067e-01	 3.396670e-02	 7.096824e-03
5.697416e-02	 5.360704e-02	 1.529448e-01
3.260164e-02	 9.074479e-03	 1.746199e-01
7.772614e-02	 5.876970e-03	 9.875080e-01
8.967204e-01	 9.030148e-01	 3.005084e-01
-1.629259e-01	 9.912257e-01	 9.374815e-01
-2.279851e-01	 1.411256e-01	 8.374994e-01
7.608698e-01	 4.227558e-01	 8.438724e-01
5.088698e-01	 9.838108e-01	 9.928025e-01
9.989139e-01	 3.494424e-01	 9.764238e-01
6.803975e-01	 1.248168e-01	 1.562300e-01
1.137506e-01	 1.463812e-01	 6.716793e-02
2.942881e-02	 4.607740e-02	 1.575414e-01
1.843625e-02	 1.329897e-01	 6.367872e-01
8.926756e-01	 5.243474e-01	 8.483066e-01
1.661469e-01	 -1.160913e-01	 6.917083e-03
9.236183e-01	 -2.150737e-01	 7.206754e-01
2.663759e-01	 -3.407472e-01	 -7.251478e-01
-8.066064e-01	 7.591731e-02	 5.823667e-01
-9.561294e-01	 -9.739899e-01	 7.139760e-02
-9.924004e-01	 1.299791e-01	 1.461592e-01
1.183315e-01	 -5.083357e-02	 1.291761e-01
1.522678e-01	 7.311356e-02	 6.591512e-02
1.278057e-01	 5.290690e-02	 9.550651e-01
9.287243e-01	 6.783497e-01	 -5.888990e-01
9.887113e-01	 7.985384e-01	 2.836740e-01
2.167924e-01	 9.892260e-01	 1.110960e-01
-4.291427e-01	 8.921849e-01	 2.641745e-01
-2.158119e-01	 -7.284535e-01	 4.232399e-01
5.710172e-01	 9.093778e-02	 8.679986e-01
-5.427688e-01	 2.653094e-01	 1.833652e-01
2.691085e-01	 2.731690e-01	 2.329898e-01
2.612035e-01	 2.486508e-01	 2.762313e-01
1.913677e-01	 2.565299e-01	 8.633930e-01
4.127751e-01	 9.261709e-01	 9.374454e-01
6.442602e-01	 8.675487e-01	 7.823760e-01
9.567793e-01	 4.582105e-01	 7.997465e-01
-8.779530e-01	 -1.566553e-01	 7.139435e-02
-2.079186e-02	 -9.844568e-01	 -5.231470e-01
-8.675005e-01	 -8.224028e-01	 -9.844388e-01
2.806708e-01	 1.014752e-01	 7.937769e-02
8.492172e-02	 8.181839e-02	 1.736384e-01
7.646783e-02	 9.959841e-02	 9.303597e-02
1.527932e-01	 9.396465e-02	 4.678689e-01
9.844584e-01	 9.938265e-01	 9.964304e-01
-2.635452e-02	 8.488050e-01	 4.873633e-01
5.612468e-01	 8.680166e-02	 9.551935e-01
1.489887e-01	 9.071764e-01	 -8.251105e-01
3.049560e-01	 -1.184273e-02	 2.360339e-01
8.043775e-01	 9.602954e-01	 -8.071683e-01
2.126885e-02	 2.675526e-01	 1.643938e-01
2.281404e-01	 2.596171e-01	 2.725331e-01
2.638746e-01	 1.944099e-01	 1.406600e-01
2.314205e-01	 2.718680e-01	 9.519548e-01
3.873056e-01	 5.168603e-01	 9.162973e-01
9.620735e-01	 9.352316e-01	 5.614105e-01
2.409304e-01	 5.430690e-01	 9.620995e-01
-8.695679e-01	 -7.106672e-01	 9.805150e-01
-6.483335e-01	 -7.133927e-01	 8.649432e-01
8.415894e-01	 -5.705881e-01	 7.353683e-01
-9.755198e-01	 1.652956e-01	 1.445315e-01
1.232989e-01	 1.382367e-01	 1.448006e-01
1.099476e-01	 1.089330e-01	 1.317166e-01
1.042768e-01	 1.949790e-01	 4.653269e-01
6.885222e-01	 1.529307e-01	 7.487017e-01
6.856410e-01	 4.896782e-01	 5.290187e-01
8.106047e-01	 6.695968e-01	 1.017070e-01
-3.444181e-01	 9.645230e-01	 -1.946813e-01
-9.258468e-01	 6.413597e-01	 -9.855914e-01
4.903258e-01	 -8.690188e-01	 -1.881408e-01
-7.473966e-01	 1.418367e-01	 2.171951e-01
1.455748e-01	 1.456766e-01	 1.613954e-01
1.541833e-01	 1.550784e-01	 1.435752e-01
1.455580e-01	 1.384638e-01	 9.280402e-01
-1.500721e-01	 9.700037e-01	 3.486920e-01
7.500728e-01	 6.954952e-02	 8.576312e-01
4.734897e-01	 9.712960e-01	 6.497893e-01
8.334170e-01	 -9.797467e-01	 4.483120e-01
-7.815752e-01	 9.947289e-01	 3.943923e-02
-2.690030e-01	 9.915518e-01	 9.440321e-01
-7.886727e-01	 1.490581e-01	 6.376286e-02
1.728325e-01	 1.101407e-01	 8.474279e-02
1.717861e-01	 1.628971e-01	 1.037922e-01
1.287005e-01	 1.106165e-01	 5.321633e-01
1.898173e-01	 8.770093e-01	 6.140107e-01
-5.773359e-02	 9.843445e-01	 9.492639e-01
7.779627e-02	 3.037096e-01	 6.047804e-01
-7.488748e-01	 -9.898159e-01	 -6.838437e-01
5.685999e-01	 -9.318448e-01	 -9.509176e-01
-8.310573e-01	 4.284229e-01	 -9.946263e-01
-5.021213e-01	 8.671038e-02	 1.012626e-01
8.382281e-02	 7.752471e-02	 9.477303e-02
9.517100e-02	 8.954021e-02	 8.135892e-02
1.029581e-01	 7.692795e-02	 6.570143e-01
1.000517e-01	 7.247976e-01	 8.189530e-01
3.502618e-01	 2.944456e-01	 5.489320e-01
8.999081e-01	 1.086795e-02	 8.613688e-01
4.786990e-01	 -4.992653e-01	 9.865898e-01
-9.342522e-01	 9.816195e-01	 9.801791e-01
-9.732827e-01	 -9.739406e-01	 9.390741e-01
-1.898627e-01	 -1.348624e-02	 2.272116e-02
1.172840e-01	 1.479315e-01	 6.673765e-02
6.502486e-02	 1.996813e-01	 2.046482e-01
4.215734e-02	 -3.857555e-03	 8.778755e-01
8.661512e-01	 -1.135119e-01	 3.244828e-01
1.787995e-01	 1.871382e-01	 1.133495e-01
9.776901e-02	 3.411196e-01	 9.818031e-01
1.649067e-01	 -9.457935e-01	 -9.648600e-01
4.337428e-01	 3.969557e-02	 8.469987e-01
-9.852023e-01	 -7.069833e-02	 5.819189e-02
4.628464e-01	 1.543026e-01	 7.162638e-02
6.598312e-02	 1.526812e-01	 1.521105e-01
1.294395e-01	 2.330023e-02	 1.488009e-01
1.524744e-01	 1.523428e-01	 9.741645e-01
3.167717e-01	 2.543449e-01	 8.880065e-01
9.875660e-01	 5.155954e-01	 -1.698044e-01
9.863367e-01	 9.865928e-01	 8.732496e-01
9.168123e-01	 9.860270e-01	 9.704999e-01
5.683602e-01	 -6.001727e-01	 -6.070311e-01
-2.761609e-03	 9.535373e-01	 -9.873899e-01
-5.418572e-01	 1.060828e-01	 1.653111e-01
1.313594e-01	 4.803696e-02	 2.529147e-02
2.555291e-02	 2.390586e-02	 1.213609e-01
8.826703e-02	 2.187380e-02	 3.849697e-01
-2.056748e-02	 2.021750e-01	 8.213764e-01
7.994705e-01	 7.942671e-01	 9.997104e-01
2.757503e-01	 1.314156e-01	 8.401859e-01
9.981439e-01	 -2.774672e-02	 -8.766045e-01
7.830431e-01	 -8.454427e-01	 -4.261446e-01
8.667490e-01	 -5.074032e-01	 -9.842770e-01
7.248146e-01	 5.073328e-02	 1.626622e-01
9.758293e-02	 1.197234e-01	 1.047352e-01
1.498813e-01	 1.060061e-01	 1.440132e-01
5.907416e-02	 1.273632e-01	 3.368777e-02
9.862916e-01	 4.712135e-01	 6.103358e-01
5.236957e-01	 8.921527e-01	 4.873488e-01
8.495894e-01	 1.664605e-01	 6.770690e-01
-1.342094e-01	 5.952179e-01	 5.400080e-01
9.939668e-01	 1.320571e-01	 -7.535557e-01
3.441795e-01	 2.232089e-01	 -2.965538e-01
3.252895e-01	 -3.514350e-02	 -2.320221e-02
-2.718078e-02	 1.083425e-01	 -3.877572e-02
1.398838e-02	 -3.744923e-02	 -3.948124e-02
-3.164708e-02	 -3.792261e-02	 9.903296e-01
8.032293e-01	 8.412209e-01	 -1.708651e-02
9.904834e-01	 6.572352e-01	 9.381567e-01
9.739707e-01	 9.544916e-01	 9.448538e-01
-3.807368e-01	 -5.159987e-01	 9.615769e-01
9.102849e-01	 8.728739e-01	 1.233696e-01
2.825596e-01	 5.436876e-01	 -8.248780e-01
-9.531098e-01	 -5.063949e-04	 8.038781e-03
4.508734e-02	 3.016374e-02	 2.293733e-02
-1.330230e-02	 -1.360439e-02	 -9.595571e-03
4.932762e-02	 8.484735e-02	 9.246833e-01
8.565517e-01	 2.708081e-01	 4.128821e-01
4.874064e-01	 9.922716e-01	 9.591533e-01
8.392328e-01	 5.631545e-01	 2.904869e-01
8.078091e-02	 -4.170000e-01	 -2.229896e-01
9.465509e-01	 4.681121e-02	 -9.136783e-01
-9.938052e-01	 -1.708903e-01	 -5.025940e-01
7.328621e-01	 6.171728e-03	 1.398668e-02
1.005110e-02	 6.107906e-02	 6.921868e-03
5.822312e-02	 1.088686e-01	 9.807985e-03
1.714905e-02	 2.830292e-02	 9.967128e-01
9.087989e-01	 9.747690e-01	 3.167187e-01
9.988798e-01	 4.022462e-01	 -2.233551e-02
9.852412e-01	 8.643524e-01	 6.797883e-01
1.484492e-01	 8.262549e-01	 8.418201e-01
9.875797e-01	 9.813385e-01	 9.017596e-01
-2.236420e-01	 -1.571614e-01	 -3.424071e-01
8.267350e-01	 6.220922e-02	 6.717878e-02
6.743759e-02	 7.759724e-02	 7.631883e-02
7.002190e-02	 6.219517e-02	 6.291656e-02
6.278384e-02	 6.723166e-02	 9.869614e-01
5.592763e-01	 5.355289e-01	 1.366199e-01
1.764942e-01	 4.265286e-01	 9.726849e-01
9.855667e-01	 9.374516e-01	 5.585598e-01
4.736103e-01	 -9.836666e-01	 4.605698e-01
6.728226e-01	 -3.566977e-01	 9.642489e-01
9.659523e-01	 -9.856575e-01	 -9.398521e-01
-7.481410e-01	 2.335520e-01	 1.615730e-01
2.343265e-01	 2.185020e-01	 2.479197e-01
1.663378e-01	 1.655062e-01	 1.667706e-01
1.948188e-01	 2.277112e-01	 8.492036e-01
-7.933637e-02	 8.561347e-01	 7.068003e-01
9.007233e-01	 2.062907e-01	 1.988563e-01
-2.582176e-02	 2.805774e-01	 6.232436e-01
1.060039e-01	 -9.674309e-01	 8.905171e-01
1.742948e-01	 -9.581012e-01	 -1.769397e-01
-3.131548e-01	 -8.891544e-01	 9.784193e-01
-8.333054e-01	 1.058860e-01	 2.474311e-01
1.537309e-01	 1.057913e-01	 2.061178e-01
1.092284e-01	 1.112130e-01	 1.713685e-01
1.924486e-01	 1.565661e-01	 9.887119e-01
-5.343568e-02	 4.281893e-01	 9.789941e-01
1.988908e-01	 9.781419e-01	 9.431679e-01
4.243081e-01	 7.522817e-02	 5.301784e-01
-6.033341e-01	 3.342849e-01	 2.420889e-01
-9.365238e-01	 1.242812e-01	 -9.933754e-01
9.814950e-01	 9.384872e-01	 9.729354e-01
-9.964673e-01	 2.964173e-01	 3.341930e-01
3.406264e-01	 1.781648e-01	 3.451097e-01
1.031838e-01	 1.556213e-01	 1.934787e-01
1.678750e-01	 7.487562e-02	 7.403545e-01
8.812313e-01	 9.084969e-01	 3.019612e-01
9.302975e-01	 5.058059e-02	 1.115773e-01
2.860205e-01	 1.587912e-01	 -3.803255e-02
9.349769e-01	 5.404495e-01	 -6.887376e-01
1.418850e-01	 -9.616422e-01	 -2.040871e-01
7.036227e-01	 -2.996160e-01	 6.200549e-01
-9.559505e-01	 1.805477e-01	 1.241344e-01
1.434456e-01	 1.143534e-01	 2.262479e-01
1.139061e-01	 1.379327e-01	 1.166866e-01
1.302266e-01	 2.187354e-01	 3.053208e-01
8.321689e-01	 7.106784e-01	 9.832558e-01
1.551003e-01	 9.723034e-01	 6.970579e-01
9.468973e-01	 7.736750e-01	 1.957381e-01
4.700761e-01	 3.529662e-01	 1.935242e-01
1.871576e-01	 -4.635850e-01	 -6.193854e-01
-1.248641e-01	 9.340589e-01	 1.760310e-01
5.593389e-01	 2.309010e-01	 2.331198e-01
2.336626e-01	 2.335895e-01	 2.191188e-01
2.085510e-01	 2.287154e-01	 1.631454e-01
2.336407e-01	 2.281425e-01	 8.518880e-01
9.061291e-01	 9.528642e-01	 9.541530e-01
8.585312e-01	 7.568806e-01	 9.654523e-01
-3.176751e-01	 9.562558e-01	 7.969260e-01
-8.721383e-01	 -4.565038e-01	 -4.967973e-01
-2.117205e-01	 -9.570414e-01	 -5.699763e-01
-9.919563e-01	 -9.001365e-01	 -9.668009e-01
9.423301e-03	 9.626119e-02	 1.240398e-01
1.211124e-01	 1.360717e-01	 9.199675e-02
1.168960e-01	 9.525276e-02	 9.470940e-02
9.157110e-02	 1.493338e-01	 4.796963e-01
8.810326e-01	 8.593743e-01	 9.678114e-01
2.749698e-01	 8.133033e-01	 -8.336417e-02
4.251875e-01	 2.385597e-01	 9.887419e-01
9.960386e-01	 -4.708695e-01	 4.454907e-01
2.819293e-01	 3.533600e-01	 4.219060e-01
1.242138e-03	 -1.942680e-01	 7.096095e-01
2.570605e-01	 8.395236e-02	 1.452917e-01
8.063714e-02	 8.967919e-02	 8.526945e-02
8.182940e-02	 1.048367e-01	 1.177850e-01
6.828366e-02	 9.163737e-02	 -2.931132e-02
8.701564e-01	 8.916477e-01	 9.552348e-01
9.315932e-01	 9.029392e-01	 9.944887e-01
9.738514e-01	 7.012786e-01	 9.620408e-01
-8.192297e-02	 3.337490e-01	 -5.790401e-01
-5.588356e-01	 -7.040981e-01	 -9.445016e-01
5.252463e-01	 8.827810e-01	 7.256190e-01
8.643344e-01	 1.844994e-01	 1.812592e-01
1.656344e-01	 1.669897e-01	 1.575392e-01
1.242951e-01	 1.731705e-01	 1.460023e-01
1.616535e-01	 1.480373e-01	 9.794124e-01
9.250712e-01	 7.982968e-01	 8.122914e-01
6.924069e-01	 3.040847e-01	 8.331436e-01
4.465211e-01	 6.688387e-01	 4.806360e-01
9.872553e-01	 7.977012e-01	 9.148742e-01
6.432632e-01	 7.798169e-02	 -5.483933e-01
3.172723e-02	 1.269766e-01	 9.837451e-01
-8.174296e-01	 1.437137e-01	 1.194105e-01
1.313147e-01	 1.093052e-01	 9.991785e-02
9.211574e-02	 9.873116e-02	 1.012639e-01
1.404709e-01	 9.575969e-02	 6.836159e-02
5.911124e-01	 3.817874e-01	 7.578027e-01
9.919351e-01	 8.311314e-01	 9.946082e-01
9.867231e-01	 1.118637e-01	 5.680131e-01
7.820394e-01	 1.419978e-01	 9.752708e-01
-9.763068e-01	 -9.808157e-01	 -9.808461e-01
6.145822e-01	 -8.257613e-01	 -9.546287e-01
-9.804375e-01	 1.177082e-01	 1.606375e-01
9.411257e-02	 1.991982e-01	 1.941900e-01
1.938902e-01	 1.325444e-01	 2.024045e-01
2.008272e-01	 1.962173e-01	 6.120124e-01
9.767457e-01	 1.999744e-01	 8.452921e-02
-1.705107e-02	 -1.864174e-02	 7.776379e-01
5.264511e-01	 2.198920e-01	 1.552895e-02
9.910678e-01	 7.987115e-01	 -4.561233e-01
-7.919316e-01	 -7.815623e-01	 7.153896e-01
7.823232e-01	 7.553516e-01	 8.238410e-01
6.702317e-01	 6.878916e-02	 1.316531e-01
2.543164e-01	 2.559407e-01	 2.574022e-01
1.471094e-01	 1.349540e-01	 1.403105e-01
1.262797e-01	 1.553223e-01	 1.142479e-01
5.871348e-01	 8.528040e-01	 5.543813e-01
5.682469e-01	 6.830641e-01	 6.080772e-01
6.401225e-01	 5.525753e-01	 7.257165e-01
-5.333359e-01	 -3.157940e-01	 -8.297812e-01
2.035130e-01	 8.835265e-01	 4.499784e-01
4.255195e-01	 -5.569963e-01	 -9.897119e-01
9.620260e-01	 1.532174e-01	 1.677950e-01
1.168241e-01	 1.951280e-01	 2.193809e-01
1.986376e-01	 1.921608e-01	 1.515555e-01
9.452065e-02	 2.181734e-01	 8.319118e-01
9.338731e-01	 5.457246e-01	 9.594308e-01
4.138271e-01	 8.706679e-01	 8.843118e-01
8.165697e-01	 1.074068e-01	 1.640315e-01
4.424236e-01	 -5.724342e-01	 6.503159e-01
6.570142e-01	 9.955267e-01	 9.895327e-01
9.977446e-01	 -7.805472e-01	 -6.558577e-01
4.044613e-01	 1.251939e-01	 2.189468e-01
1.023616e-01	 1.016142e-01	 6.731539e-02
6.670425e-02	 6.623159e-02	 2.348889e-01
2.283432e-01	 1.288502e-01	 8.880247e-01
7.901781e-01	 7.527359e-01	 7.469986e-01
-6.629699e-02	 1.279672e-01	 1.090951e-02
5.792869e-01	 7.195207e-01	 9.054329e-01
-7.235629e-01	 7.435559e-01	 9.966657e-01
-3.474583e-02	 4.718266e-02	 2.902246e-02
-8.670497e-01	 -2.172982e-01	 -6.035436e-01
2.119792e-01	 2.078380e-01	 1.278796e-01
6.571909e-02	 1.859649e-01	 1.816668e-01
1.819230e-01	 2.069384e-01	 1.940359e-01
2.074657e-01	 1.742801e-01	 6.582249e-01
6.563318e-01	 -4.835780e-02	 9.819418e-01
9.822276e-01	 9.828844e-01	 4.532122e-01
9.566251e-01	 7.698657e-01	 9.616087e-01
-8.861624e-01	 8.680066e-01	 4.014596e-03
6.926613e-01	 9.710572e-01	 6.060415e-01
-3.879779e-01	 8.267159e-04	 -9.125676e-01
1.299469e-01	 9.255404e-02	 2.101009e-01
1.744901e-01	 2.073339e-01	 2.038207e-01
2.025788e-01	 1.448586e-01	 1.743425e-01
8.792160e-02	 1.797478e-01	 4.540374e-01
4.499135e-01	 9.846507e-01	 6.908205e-01
1.245188e-01	 7.692045e-01	 9.102138e-01
9.846847e-01	 3.993621e-01	 9.750921e-01
-2.163269e-01	 -9.197644e-01	 9.495987e-01
-1.682971e-02	 2.498249e-01	 9.891636e-01
-9.737543e-01	 9.727679e-01	 -9.102245e-01
9.899488e-01	 4.585684e-02	 1.211733e-01
1.773246e-01	 4.289953e-02	 4.323638e-02
1.109682e-01	 1.411278e-01	 9.712269e-02
1.193927e-01	 1.331508e-01	 9.752435e-01
3.732968e-01	 -2.584925e-01	 9.989376e-01
9.673252e-01	 9.613242e-02	 1.785650e-01
2.104515e-01	 3.965308e-01	 -4.766728e-02
-2.019110e-01	 1.051079e-01	 NaN
3.160504e-01	 3.185251e-01	 8.619863e-01
8.265568e-01	 9.167692e-01	 9.933987e-01
7.491486e-01	 1.290346e-01	 1.079160e-01
NaN	 8.766903e-02	 8.780310e-02
2.355824e-02	 1.474581e-01	 1.783413e-02
1.964624e-02	 3.839719e-02	 9.708666e-01
9.885881e-01	 NaN	 9.446832e-01
9.438392e-01	 5.063839e-01	 -5.431943e-01
3.990191e-01	 1.130180e-01	 6.612882e-01
-9.935776e-01	 -9.974286e-01	 8.903481e-01
-9.923250e-01	 8.465660e-01	 3.491482e-01
9.964542e-01	 -7.832403e-01	 -9.971045e-01
-9.525629e-01	 8.678439e-02	 6.693858e-02
1.343166e-01	 4.956125e-02	 1.465390e-01
1.990542e-01	 6.743409e-02	 1.591312e-01
7.461944e-02	 1.194255e-01	 7.260856e-02
-2.560185e-02	 4.350165e-01	 -1.132911e-01
5.117150e-01	 9.156817e-01	 5.031539e-02
6.010090e-01	 1.465081e-02	 2.799311e-01
8.502185e-01	 7.637176e-01	 9.950596e-01
8.648647e-01	 9.214855e-01	 9.640288e-01
-6.785329e-01	 -9.802669e-01	 -5.444823e-01
-5.943091e-01	 1.790065e-01	 2.055197e-01
6.991851e-02	 1.739442e-01	 1.459949e-01
-2.146682e-02	 2.122279e-01	 9.117638e-02
2.299303e-01	 2.215371e-01	 4.950609e-01
6.119616e-01	 7.048256e-02	 4.709060e-01
3.599305e-01	 -2.649294e-01	 7.032442e-01
1.753960e-01	 8.066418e-01	 7.731223e-01
-9.104910e-01	 6.043324e-01	 -3.899107e-01
-7.942576e-02	 8.426026e-01	 8.408505e-01
1.300842e-02	 3.598874e-01	 -5.313986e-02
9.934922e-01	 2.099459e-01	 9.443116e-02
1.587850e-01	 1.421971e-01	 7.032518e-02
6.976046e-02	 1.352248e-01	 1.174113e-01
1.421162e-01	 6.462813e-02	 3.562709e-01
7.911164e-01	 9.070595e-01	 9.866466e-01
5.339243e-01	 5.367531e-01	 9.907295e-01
9.255786e-01	 9.884226e-01	 9.378903e-02
-5.263789e-01	 -8.774544e-01	 -9.563664e-01
-9.362199e-01	 -8.114612e-01	 3.522710e-01
-9.863920e-01	 6.338155e-01	 -8.950443e-01
8.380552e-01	 2.052626e-01	 1.728763e-01
1.600607e-01	 1.646661e-01	 1.790992e-01
2.394277e-01	 1.518125e-01	 2.346489e-01
1.724443e-01	 2.278996e-01	 8.251016e-01
4.474233e-01	 2.444255e-01	 3.104471e-01
5.562860e-01	 9.047538e-01	 6.311708e-02
7.370331e-01	 4.112890e-01	 4.957067e-01
8.183782e-01	 9.669391e-01	 8.523782e-01
-9.735495e-01	 2.112499e-01	 -8.268226e-01
4.628873e-01	 -9.599555e-01	 -9.660393e-01
4.791349e-01	 2.487461e-01	 2.506419e-01
2.508247e-01	 1.628807e-01	 2.312343e-01
1.691127e-01	 2.347442e-01	 2.073021e-01
2.007662e-01	 2.351309e-01	 5.180565e-01
-4.698293e-02	 4.588447e-01	 1.602224e-01
9.496864e-01	 5.364376e-01	 8.547693e-01
-1.884446e-01	 -1.626685e-01	 8.456614e-01
-9.289911e-01	 6.864815e-01	 -8.273817e-01
7.587934e-01	 -9.849661e-01	 -7.035766e-01
7.691222e-01	 3.733521e-01	 4.139356e-01
-8.783590e-01	 1.564329e-01	 1.830598e-01
1.648142e-01	 1.825899e-01	 1.527049e-01
1.696912e-01	 1.817658e-01	 1.874356e-01
1.871034e-01	 1.597558e-01	 3.354166e-01
7.037274e-01	 5.369132e-01	 6.252147e-01
8.076514e-02	 6.900615e-01	 6.127089e-01
9.085571e-01	 8.908702e-01	 4.505148e-01
9.802970e-01	 9.561080e-01	 6.659331e-01
-7.863505e-01	 -9.083821e-01	 6.716132e-01
9.913192e-01	 9.850976e-01	 2.279057e-01
9.635685e-01	 1.228156e-01	 1.551551e-01
1.965162e-01	 2.329560e-01	 2.225120e-01
1.959464e-01	 1.311353e-01	 1.268794e-01
2.299917e-01	 1.517125e-01	 -1.547065e-01
2.485649e-01	 7.196627e-01	 5.721751e-01
3.540204e-01	 7.145213e-01	 -9.472733e-03
-1.161223e-01	 9.461304e-01	 2.202706e-01
-9.233923e-01	 -4.218877e-01	 2.815251e-01
-9.675422e-01	 9.529610e-01	 -9.039832e-01
-7.140862e-01	 -9.487563e-01	 -8.590443e-01
9.615323e-01	 1.359594e-01	 1.906639e-01
2.365283e-01	 1.301754e-01	 2.705151e-01
1.373719e-01	 1.573213e-01	 1.332133e-01
1.421671e-01	 2.739825e-01	 3.589731e-01
8.863736e-01	 9.299452e-01	 2.166019e-01
1.367001e-01	 4.048991e-01	 6.821517e-01
2.865582e-01	 4.917635e-01	 -1.972879e-02
