-7.107647e+01	 -7.039983e+01	 8.454656e+01
9.226144e+01	 -6.696331e+01	 9.162165e+01
1.265593e+02	 5.055304e+01	 1.200928e+02
-5.743661e+01	 -3.962884e+01	 -3.956785e+01
-1.663972e+01	 -1.835054e+01	 -2.411345e+01
-1.821283e+01	 -4.892213e+01	 -1.082606e+01
-5.127280e+01	 -3.957912e+01	 1.752146e+02
1.750044e+02	 2.310385e+02	 2.256745e+02
2.214957e+02	 2.260224e+02	 1.466157e+02
2.487780e+02	 1.419579e+02	 1.697772e+02
3.340369e+00	 -9.053885e+01	 -6.825090e+01
7.252502e+01	 -7.110726e+01	 5.804503e+01
8.470736e+01	 7.985413e+01	 8.265187e+01
-7.386817e+01	 -1.143929e+01	 -3.567406e+01
-2.584645e+01	 -3.117109e+01	 -2.693450e+01
-2.915060e+01	 -3.160624e+01	 -2.266796e+01
-2.344917e+01	 -2.778239e+01	 2.553806e+02
1.919633e+02	 2.243447e+02	 1.709103e+02
2.219873e+02	 1.739075e+02	 1.729154e+02
2.225974e+02	 2.198596e+02	 2.194599e+02
7.501410e+01	 -3.005759e+00	 -9.584895e+01
-7.995244e+01	 -1.033415e+02	 -9.844163e+01
3.207980e+01	 1.160591e+02	 3.575708e+00
2.021854e+01	 -1.858572e+01	 -1.384775e+01
-3.417713e+01	 -2.783192e+01	 -4.496613e+01
-4.894035e+01	 -1.379557e+01	 -3.193380e+01
-1.348705e+01	 -1.352371e+01	 2.370182e+02
2.567333e+02	 2.003050e+02	 2.188190e+02
1.712708e+02	 1.591708e+02	 2.559056e+02
1.933954e+02	 2.578956e+02	 2.580725e+02
-3.238044e+01	 -1.085761e+02	 -8.842963e+01
6.991681e+01	 -9.778861e-01	 -2.766057e+01
4.862100e+00	 4.367817e+01	 4.025346e+01
7.176160e+01	 -7.026242e+00	 -4.069776e+01
-3.957027e+01	 -1.863347e+01	 -4.004700e+00
-6.045257e+00	 -3.868229e+00	 -1.605075e+01
-5.891921e+00	 -1.547000e+01	 2.492715e+02
1.576671e+02	 1.554938e+02	 1.934370e+02
2.568544e+02	 2.507162e+02	 2.568327e+02
1.846222e+02	 2.445940e+02	 2.099386e+02
2.077919e+01	 5.644790e-01	 6.813582e+01
-1.082658e+02	 -6.729887e+01	 7.440474e+01
5.560700e+01	 7.537225e+01	 -2.826384e+01
1.552987e+01	 -4.781556e+00	 -3.677731e+00
-3.624876e+01	 -3.276475e+01	 -1.337610e+01
-2.590009e+01	 -3.711359e+01	 -2.725527e+01
-5.614745e+00	 -4.289019e+00	 2.529175e+02
2.560338e+02	 1.828890e+02	 1.884242e+02
2.320368e+02	 2.072248e+02	 1.770784e+02
2.039765e+02	 2.500315e+02	 2.543605e+02
5.873122e+01	 6.291732e+01	 -2.189571e+01
-2.180853e+01	 6.014511e+01	 5.871806e+01
-2.820566e+01	 7.521512e+01	 -7.736153e+00
-3.416429e+01	 -3.162062e+01	 -2.991452e+01
-3.333951e+01	 -3.330635e+01	 -3.081529e+01
-3.162318e+01	 -3.296672e+01	 -1.532964e+01
-6.665011e+00	 -1.296462e+01	 1.656977e+02
1.697200e+02	 1.760396e+02	 1.760115e+02
1.673780e+02	 1.656758e+02	 1.813920e+02
2.169916e+02	 2.603419e+02	 2.404088e+02
-5.011346e+01	 -2.829510e+01	 -1.991827e+01
6.953580e+01	 1.121685e+01	 -4.111298e+01
5.190595e+01	 5.811494e+01	 5.345098e+01
-2.321406e+01	 -3.384308e+01	 -2.625833e+01
-2.644799e+01	 -2.393912e+01	 -2.566324e+01
-3.037917e+01	 -2.179927e+01	 -2.516822e+01
-2.481316e+01	 -2.705046e+01	 2.094719e+02
1.841021e+02	 2.475221e+02	 1.822965e+02
2.578952e+02	 1.897610e+02	 1.762168e+02
2.317908e+02	 2.364831e+02	 2.453465e+02
2.419868e+01	 -6.953851e+01	 5.778676e+01
-6.949161e+01	 6.819566e+01	 6.965980e+01
5.504184e+01	 7.428756e+01	 -2.291333e+01
-3.541471e+01	 -6.626656e+00	 -2.769191e+01
-1.259038e+01	 -2.825350e+01	 -2.690029e+01
-1.630541e+01	 -1.179257e+01	 -1.821635e+01
-8.016397e+00	 -9.812310e+00	 2.562185e+02
2.019886e+02	 2.371677e+02	 2.004933e+02
1.846864e+02	 2.263582e+02	 2.392164e+02
2.204911e+02	 2.532169e+02	 2.453715e+02
4.256490e+01	 -4.709606e+01	 -3.588712e+01
5.304087e+01	 4.075092e+01	 -3.950214e+01
6.753006e+01	 7.142915e+01	 -1.397775e+01
7.018565e+01	 -1.689939e+01	 -2.740378e+01
-2.318429e+01	 -2.144373e+01	 -1.698586e+01
-3.091027e+01	 -1.982978e+01	 -1.986140e+01
-1.760357e+01	 -1.945358e+01	 2.547378e+02
2.236914e+02	 2.416862e+02	 1.740971e+02
2.558142e+02	 1.910503e+02	 1.946381e+02
2.092030e+02	 2.564682e+02	 2.057765e+02
1.761493e+01	 3.852065e+01	 4.265431e+01
3.809892e+01	 3.042811e+01	 -7.384632e+01
5.959880e+01	 6.227270e+01	 3.954517e+01
5.999075e+01	 -4.829375e+00	 -3.598275e+01
-8.316992e+00	 -7.408352e+00	 -3.604126e+01
-1.681702e+01	 -1.683131e+01	 -2.316510e+01
-7.611404e+00	 -2.869615e+01	 2.606484e+02
1.771698e+02	 2.494946e+02	 2.524223e+02
1.730123e+02	 2.323701e+02	 2.273340e+02
2.129578e+02	 2.514755e+02	 2.004356e+02
-1.219415e+01	 3.675701e+01	 -9.873930e+01
1.482327e+01	 2.944494e+01	 5.680621e+01
2.853492e+00	 3.774569e+01	 -8.842475e+01
6.154515e+01	 -1.716096e+01	 -1.633444e+01
-2.086338e+01	 -1.640339e+01	 -1.681047e+01
-1.855484e+01	 -1.316163e+01	 -1.713455e+01
-2.078176e+01	 -2.078443e+01	 2.460406e+02
1.989980e+02	 2.081414e+02	 2.474168e+02
2.425857e+02	 1.975425e+02	 2.270391e+02
2.380705e+02	 2.148105e+02	 2.139641e+02
1.414604e+01	 -6.354301e+00	 1.894069e+00
-1.032014e+01	 4.257092e-01	 4.862052e-01
2.205910e+01	 7.033367e+00	 -1.354966e+01
-3.552701e+01	 -1.565243e+01	 -1.625091e+01
-1.620134e+01	 -1.707776e+01	 -1.643290e+01
-1.648757e+01	 -1.368552e+01	 -1.473031e+01
-1.748997e+01	 -2.229236e+01	 2.284591e+02
2.459647e+02	 2.118801e+02	 2.034020e+02
2.102676e+02	 2.103580e+02	 2.502172e+02
2.507411e+02	 2.021725e+02	 2.175377e+02
-6.050140e+00	 6.278210e+01	 6.476637e+01
-2.178815e+01	 1.155909e+02	 1.409768e+02
2.804629e+01	 6.853193e+01	 6.644153e+00
2.049757e+01	 4.403055e-01	 -1.997266e+01
-1.959344e+01	 1.344599e+00	 -1.103450e+01
-1.756686e+01	 3.331691e+00	 -2.172010e+01
-1.045604e+00	 -2.635820e+00	 2.715819e+02
1.099462e+02	 1.094770e+02	 2.515827e+02
1.860795e+02	 1.225658e+02	 2.568502e+02
1.085266e+02	 2.807620e+02	 2.887804e+02
-8.052798e+01	 6.680748e+01	 -1.185968e+02
-6.330264e+01	 3.056458e+01	 1.707126e+01
-1.144555e+02	 4.390729e+01	 -9.781285e+01
3.786725e+01	 -1.588750e+01	 -1.429992e+01
-2.713158e+01	 -1.377738e+01	 -8.951006e+00
-7.616474e+00	 -2.167961e+01	 -1.018337e+01
-2.856839e+01	 -1.363672e+01	 2.191164e+02
1.901133e+02	 1.523107e+02	 2.302333e+02
2.418528e+02	 2.474439e+02	 1.860610e+02
2.334481e+02	 1.572428e+02	 1.930277e+02
3.250763e+01	 3.283557e+01	 -8.618641e+01
8.135970e+00	 1.895105e+01	 3.853959e+01
-1.278349e+01	 -1.749244e+02	 -1.234301e+02
5.467661e+01	 -1.370374e+01	 2.337995e+00
3.809175e+00	 7.371734e+00	 5.783240e+00
5.126761e-01	 9.721590e+00	 -1.988139e+01
-2.069208e+00	 -6.901535e+00	 1.979806e+02
2.442705e+02	 2.207923e+02	 2.495436e+02
2.486796e+02	 2.403178e+02	 2.465410e+02
1.336770e+02	 1.956083e+02	 2.198424e+02
-7.971593e+01	 -8.674749e+01	 3.043991e+01
-2.422472e+01	 3.318149e+01	 1.049697e+01
-1.109901e+02	 3.819490e+01	 -1.682201e+01
-9.045794e+01	 -1.281698e+00	 -2.779043e+00
-1.383785e-02	 6.170882e+00	 -5.076149e+00
3.959279e+00	 -1.359847e+01	 -5.817427e+00
6.144876e+00	 -3.782529e+00	 2.159426e+02
2.101255e+02	 2.377823e+02	 2.487356e+02
1.997575e+02	 2.562300e+02	 1.729450e+02
2.029167e+02	 2.538023e+02	 2.064891e+02
-8.610487e+00	 1.324407e+01	 1.797481e+00
-1.594922e+02	 2.593531e+01	 -1.609504e+02
-2.266245e+01	 2.562914e+01	 -1.571118e+02
9.411269e+00	 -1.046621e+01	 -1.146249e+01
-1.218394e+01	 -1.803904e+01	 -1.073368e+01
-1.836654e+01	 -1.023878e+01	 -1.069849e+01
-1.767377e+01	 -1.148249e+01	 2.708160e+02
2.031854e+02	 1.920948e+02	 1.685178e+02
2.448598e+02	 1.657135e+02	 2.677815e+02
2.458342e+02	 1.724540e+02	 1.996363e+02
-9.518606e+01	 3.025088e+01	 2.801137e+01
-5.468062e+01	 -1.567943e+01	 -8.061383e+00
3.253166e+01	 -1.045118e+02	 -2.943585e+01
-1.079738e+02	 -1.000316e+01	 -6.827278e+00
-5.159856e+00	 -7.269939e+00	 -1.676272e+00
-3.324163e+00	 -7.106569e+00	 -1.054552e+01
-5.411921e+00	 -1.115185e+01	 2.037858e+02
2.398478e+02	 2.030478e+02	 2.336611e+02
2.247105e+02	 2.127605e+02	 2.363420e+02
1.926152e+02	 2.455852e+02	 1.865503e+02
1.209126e+02	 1.341810e+02	 -4.851413e+00
3.406910e+01	 4.236216e+01	 3.518715e+01
-4.676399e-01	 1.401313e+02	 -6.845254e+00
3.267994e+01	 -1.489193e+01	 -3.985494e+00
-8.817876e+00	 3.894515e+00	 3.955651e+00
3.909717e+00	 -9.524422e+00	 -8.085648e+00
2.004065e+00	 3.955749e+00	 1.598127e+02
1.991573e+02	 2.017078e+02	 2.746931e+02
2.730745e+02	 2.743842e+02	 1.976212e+02
1.803701e+02	 2.599684e+02	 2.747449e+02
5.163280e+01	 -3.415431e+00	 4.643792e+01
-2.777884e+01	 4.714248e+00	 -2.557629e+01
9.636132e+01	 9.855832e+01	 9.866132e+01
-2.715496e+01	 -7.251671e+00	 -8.365943e+00
-7.387040e+00	 -8.073679e+00	 -8.694282e+00
-8.227147e+00	 -6.115036e+00	 -7.380547e+00
-7.367602e+00	 -7.948804e+00	 2.527365e+02
2.696612e+02	 2.582947e+02	 2.269965e+02
2.735678e+02	 2.189584e+02	 1.950813e+02
1.692316e+02	 1.694118e+02	 2.440608e+02
1.017692e+02	 2.437665e+01	 9.498600e+01
-2.284426e+01	 -2.788118e+00	 -7.406989e+00
9.657723e+01	 -5.281242e+01	 7.132840e+01
3.134254e+01	 -1.505190e+01	 -3.297105e-01
-8.049163e+00	 -1.845777e+00	 -1.008919e+00
-1.197758e+00	 -8.316042e+00	 -5.508855e+00
-4.918844e+00	 -5.064895e-01	 1.589970e+02
2.476404e+02	 2.016641e+02	 2.430953e+02
2.505599e+02	 2.495287e+02	 1.999548e+02
2.155546e+02	 2.220500e+02	 2.450802e+02
2.116002e+02	 2.003853e+02	 -2.349811e+01
1.043505e+01	 -2.408029e+01	 -4.023584e+01
-4.421692e+01	 -5.272094e+00	 -1.349952e+01
2.398496e+02	 -1.587521e+01	 -1.469943e+01
-9.425321e+00	 4.497683e-01	 -2.627474e+00
-5.645310e+00	 -7.463367e+00	 -9.337727e+00
-1.259953e+00	 -2.510323e+01	 1.177784e+02
1.314533e+02	 2.028867e+02	 2.511774e+02
2.372454e+02	 2.171751e+02	 2.045531e+02
2.085583e+02	 2.451486e+02	 6.993566e+01
3.928552e+01	 3.080898e+01	 9.962035e+00
3.207834e+01	 -3.625087e+00	 -4.642241e+01
2.947219e+01	 -2.142808e+01	 -6.673324e+01
-4.126328e+01	 6.757219e-01	 8.839702e-02
-3.261357e+00	 3.761614e-02	 4.212017e-01
-1.525453e+01	 -5.112105e+00	 -4.995662e-01
-1.080873e+01	 -1.553239e+01	 2.369532e+02
2.430664e+02	 2.073633e+02	 2.423388e+02
2.488085e+02	 1.912278e+02	 1.987855e+02
2.428679e+02	 1.997862e+02	 1.928228e+02
5.229309e+01	 -1.507788e+02	 -2.070449e+02
-1.978399e+02	 5.234241e+01	 3.854701e+01
3.190563e+01	 -5.884992e+00	 5.076261e+01
-1.024359e+02	 -6.016024e+00	 -4.448852e+00
-1.663177e+01	 -1.370570e+01	 -4.917133e+00
1.902496e+00	 3.002972e+00	 6.617325e+00
-2.279490e+00	 3.039641e-02	 2.049146e+02
1.805382e+02	 1.088905e+02	 1.248621e+02
2.079752e+02	 2.412095e+02	 2.472923e+02
2.507747e+02	 2.186072e+02	 2.144418e+02
3.705711e+01	 -1.152221e+02	 4.740617e+01
-1.160237e+02	 4.479187e+01	 2.025748e+01
4.899177e+01	 -1.157499e+02	 1.253406e+01
-1.150410e+02	 5.249314e+00	 -5.471445e+00
-3.800940e+00	 -5.192826e+00	 -4.652128e+00
6.397950e+00	 -2.943429e+00	 -2.271951e+00
-8.982445e+00	 -5.554489e+00	 2.603740e+02
1.794062e+02	 2.165139e+02	 1.812558e+02
2.124132e+02	 2.705111e+02	 2.203970e+02
1.942221e+02	 1.844852e+02	 1.790208e+02
-5.458553e+01	 5.270456e+01	 -5.651167e+01
1.106119e+02	 -6.979255e+01	 -1.099579e+01
-1.373259e+01	 1.089604e+02	 3.467551e+01
1.185129e+02	 -1.729184e+01	 -2.755769e+01
-1.803592e+01	 -2.561209e+01	 -2.326074e+01
-2.459848e+01	 -2.402201e+01	 -2.543713e+01
-2.913808e+01	 -2.723437e+01	 1.271067e+02
1.284684e+02	 1.269927e+02	 1.012966e+02
1.458087e+02	 1.359599e+02	 1.356135e+02
1.027459e+02	 1.321074e+02	 9.556103e+01
-1.257431e+02	 -1.102271e+02	 -1.028031e+02
-3.911485e-01	 -1.194295e+00	 -7.285672e+01
-1.404981e+02	 -6.421638e+01	 -1.416790e+02
-1.651016e+02	 -6.153959e+00	 -1.110968e+01
-1.202545e+01	 2.384509e+01	 2.604179e+01
-5.322609e+00	 8.622702e-01	 -3.055935e+00
9.636731e-01	 9.264622e+00	 1.056608e+02
1.157756e+02	 1.196959e+02	 2.019683e+02
2.027308e+02	 1.364805e+02	 9.701536e+01
1.397888e+02	 9.621407e+01	 7.954321e+01
-3.550875e+01	 5.097302e+00	 7.546264e+01
2.541360e+01	 3.316775e+01	 5.548231e+01
-1.474333e+01	 -7.581306e+01	 -8.850066e+01
6.330060e+01	 -7.957917e+00	 -7.036761e+00
-5.895466e+00	 -8.477459e+00	 -6.380975e+00
-3.428585e+00	 -7.788623e+00	 -1.007461e+01
-9.015710e+00	 -1.558819e+00	 1.330551e+02
1.403556e+02	 1.225940e+02	 1.372322e+02
1.361383e+02	 1.319742e+02	 1.380131e+02
1.206166e+02	 1.182122e+02	 1.283978e+02
6.338372e+01	 1.524007e+02	 5.366301e+01
2.188469e+02	 5.574631e+01	 2.016423e+02
6.336550e+01	 1.171280e+02	 2.083752e+01
1.146332e+02	 -3.384204e+01	 -3.653395e+01
-3.530591e+01	 -4.239452e+01	 -3.450412e+01
-4.014812e+01	 -3.384728e+01	 -3.510355e+01
-4.522983e+01	 -3.457649e+01	 1.222501e+02
6.878235e+01	 1.342309e+02	 -1.421021e+01
1.272254e+02	 1.229023e+01	 1.222597e+02
9.658240e+01	 1.591343e+02	 9.805720e+01
2.970160e+01	 -4.421994e+01	 -3.875531e+01
-4.303767e+01	 -1.161056e+02	 -1.632615e+02
-1.664320e+02	 -2.204183e+01	 -3.681986e+01
-4.830144e+01	 -3.243304e+01	 -4.670279e+01
-5.007990e+01	 -4.739551e+01	 -4.492677e+01
-4.688785e+01	 -4.736741e+01	 -5.264220e+01
-4.954742e+01	 -4.512098e+01	 2.334461e+02
1.366793e+02	 1.412855e+02	 1.374099e+02
1.023970e+02	 7.111403e+01	 6.814085e+01
1.474388e+02	 1.425598e+02	 1.322076e+02
2.268784e+00	 -4.234108e+01	 -1.851129e+02
-1.593290e+02	 -1.845946e+02	 -1.826862e+02
-2.265819e+01	 -1.739693e+02	 -2.280338e+00
-6.614347e-01	 1.756554e+01	 2.600953e+01
1.186663e+01	 1.458724e+01	 1.189350e+01
1.208614e+01	 2.560997e+01	 1.284314e+01
-7.271768e+00	 2.138652e+01	 1.947068e+02
1.474910e+02	 6.230008e+01	 8.533500e+01
6.280273e+01	 6.462874e+01	 1.532292e+02
7.275224e+01	 2.903106e+02	 1.666398e+02
5.452842e+00	 -8.768753e+00	 -8.130116e+00
4.126316e-01	 -2.029270e+01	 -2.356202e+01
-3.483952e+00	 -1.342090e+01	 1.642091e+01
-5.938427e-01	 1.938877e-02	 -1.668933e+00
-2.645217e+00	 -8.540850e-01	 4.249399e+00
3.679045e+00	 -1.177165e+00	 -4.244277e+00
2.628172e+00	 3.730816e+00	 1.809082e+02
2.369730e+02	 2.420437e+02	 2.030203e+02
1.503356e+02	 1.641966e+02	 2.118741e+02
2.709084e+02	 1.517258e+02	 1.527088e+02
-1.038058e+01	 -5.511392e+00	 1.415483e+01
1.102869e+01	 -1.150780e+01	 2.168131e+01
1.467627e+01	 1.980470e+01	 1.472746e+01
1.934447e+01	 2.303443e+01	 2.970602e+01
1.522199e+01	 3.072815e+01	 1.796742e+01
2.115110e+01	 2.951499e+01	 1.844065e+01
2.960701e+01	 1.797886e+01	 1.852889e+02
1.549580e+02	 2.047201e+02	 1.515719e+02
2.320277e+02	 1.689515e+02	 1.526581e+02
1.797431e+02	 1.524932e+02	 1.818345e+02
-4.464217e-01	 -3.442224e+01	 -1.262188e+00
-1.211851e+02	 -5.793124e+01	 5.502476e+00
-1.253138e+02	 -1.129691e+02	 -5.704570e+00
-1.309478e+02	 8.987886e+00	 1.691725e+01
9.166616e+00	 2.284070e+01	 2.071597e+01
6.399684e+00	 2.330676e+01	 2.257751e+01
7.074035e+00	 2.405168e+01	 2.212774e+02
1.489390e+02	 2.138008e+02	 1.087429e+02
1.407365e+02	 2.567485e+02	 1.062992e+02
1.135016e+02	 1.628971e+02	 1.047527e+02
-9.330677e+01	 1.594262e+01	 -6.176699e+01
-9.830500e+01	 1.183861e+01	 -4.080526e+01
-4.503204e+01	 -1.495767e+01	 -5.601255e+01
1.216413e+01	 2.780486e+01	 6.223919e+00
1.326138e+01	 2.962804e+01	 7.855061e+00
9.158806e+00	 9.662714e+00	 5.330669e+00
1.155969e+01	 6.357421e+00	 1.311482e+02
1.494790e+02	 1.418240e+02	 1.285783e+02
2.152419e+02	 1.490131e+02	 1.474412e+02
1.558478e+02	 1.432229e+02	 1.512086e+02
-1.926019e+01	 1.849000e+01	 1.845091e+01
-5.286103e-02	 2.670046e+01	 -2.811896e+01
1.575634e+01	 -3.115394e+01	 -2.331589e+01
7.774937e+00	 -4.127485e+01	 -3.304470e+01
-3.325594e+01	 -2.388827e+01	 -2.877489e+01
-3.913330e+01	 -3.461730e+01	 -3.339822e+01
-2.737064e+01	 -2.325426e+01	 2.000373e+02
1.755401e+02	 1.764579e+02	 1.463089e+02
1.457039e+02	 1.532484e+02	 1.881202e+02
1.410976e+02	 1.426432e+02	 1.462888e+02
3.509711e+01	 -1.696421e+01	 -3.412626e+01
1.097866e+01	 3.354930e+01	 -4.810896e+01
-3.835399e+01	 -1.839314e+01	 3.996888e+01
3.083148e+01	 -2.966914e+01	 -2.892717e+01
-3.142873e+01	 -2.599031e+01	 -2.728351e+01
-3.390668e+01	 -3.208623e+01	 -2.919310e+01
-4.567087e+01	 -2.569874e+01	 1.440996e+02
1.496492e+02	 1.457483e+02	 1.494416e+02
1.446168e+02	 1.388187e+02	 1.440205e+02
1.494310e+02	 1.457194e+02	 1.451057e+02
-3.480506e+01	 3.273772e+01	 -4.790179e+01
-4.294235e+01	 -5.145754e+01	 -5.332386e+01
3.894117e+01	 -4.160158e+01	 3.467705e+01
-5.168645e+01	 -2.936565e+01	 -2.781622e+01
-3.772632e+01	 -3.287527e+01	 -4.145867e+01
-4.661333e+01	 -3.544930e+01	 -3.153947e+01
-2.939466e+01	 -4.134636e+01	 1.446959e+02
1.429922e+02	 1.372948e+02	 1.401270e+02
1.366386e+02	 1.364765e+02	 1.426871e+02
1.409392e+02	 1.423722e+02	 1.366860e+02
2.579869e+01	 -5.231036e+01	 -7.837399e+01
2.663374e+01	 -9.141871e+01	 -1.531436e+01
2.669666e+01	 2.458115e+01	 -1.637267e+01
2.917063e+01	 -1.488855e+01	 -2.555883e+01
-3.224296e+01	 -1.547162e+01	 -3.708608e+01
-2.201829e+01	 -1.543387e+01	 -1.516388e+01
-2.211348e+01	 -1.996956e+01	 1.462829e+02
1.396414e+02	 1.269643e+02	 1.465526e+02
1.214773e+02	 1.499319e+02	 1.465443e+02
1.464552e+02	 1.498419e+02	 1.460599e+02
-9.242007e+00	 3.502288e+00	 -4.484738e+01
1.261674e+00	 9.174895e+00	 2.482411e+00
1.437136e+00	 1.014992e+00	 -3.767021e+01
-4.016074e+01	 -1.640809e+01	 -1.349330e+01
-2.892919e+01	 -1.575170e+01	 -1.265566e+01
-1.585143e+01	 -1.198340e+01	 -1.333329e+01
-2.216683e+01	 -2.694669e+01	 1.473708e+02
1.816415e+02	 1.701175e+02	 1.469594e+02
1.516825e+02	 1.467251e+02	 2.137923e+02
2.109824e+02	 1.414479e+02	 1.772186e+02
-6.404734e+01	 8.362871e+00	 -8.909713e+01
-8.450626e+01	 1.043697e+02	 -6.972552e+01
4.947337e+01	 -4.809886e+01	 -8.938751e+01
-4.543319e+01	 -4.146366e+01	 -4.041589e+01
-3.918059e+01	 -4.040234e+01	 -4.513285e+01
-4.134214e+01	 -4.242465e+01	 -4.204731e+01
-3.896611e+01	 -4.201232e+01	 1.529502e+02
1.708029e+02	 1.336860e+02	 1.382190e+02
1.212070e+02	 1.495372e+02	 1.603198e+02
1.603863e+02	 1.334118e+02	 1.614426e+02
-7.894741e+01	 9.980399e+00	 -4.454229e+00
6.157605e+01	 1.089241e+00	 -1.052225e+02
-1.072260e+02	 -4.100925e+01	 5.962667e+01
-5.418621e+01	 -1.811827e+01	 -4.732083e+00
-3.816187e+00	 -2.787233e+01	 -4.006810e+00
-4.256775e+01	 -4.346066e+01	 -8.297038e+00
-3.742617e+01	 -1.157672e+01	 1.464589e+02
1.756845e+02	 1.767890e+02	 1.480074e+02
1.767544e+02	 1.276972e+02	 1.248814e+02
1.684711e+02	 1.460309e+02	 1.623657e+02
-1.073144e+02	 -1.574641e+02	 -9.663375e+01
5.969230e+00	 8.728040e+01	 1.102266e+01
-1.776989e+02	 -1.327284e+02	 8.417457e+01
-3.824632e+01	 -4.352191e+01	 -3.050521e+01
-4.510017e+01	 -4.806764e+01	 -2.598004e+01
-4.771187e+01	 -2.501992e+01	 -3.701969e+01
-3.577680e+01	 -4.856707e+01	 1.255916e+02
8.174703e+01	 1.331554e+02	 1.695087e+02
1.347973e+02	 1.692912e+02	 6.007607e+01
1.054042e+02	 1.373277e+02	 1.635076e+02
-1.905559e+01	 1.299659e+02	 6.900475e+01
4.529171e+01	 -6.550861e+01	 -6.353920e+01
7.583439e+01	 -4.854894e+01	 -3.903365e+00
1.223057e+02	 -2.175284e+01	 -5.072377e+01
-2.526611e+01	 -2.055834e+01	 -3.601999e+01
-3.488078e+01	 -2.681974e+01	 -2.956927e+01
-1.906711e+01	 -4.647685e+01	 1.717977e+02
9.079238e+01	 1.557822e+02	 1.681019e+02
1.443098e+02	 1.467268e+02	 1.509890e+02
1.585816e+02	 1.749792e+02	 1.011211e+02
5.296717e+01	 5.391697e+01	 -8.721909e+01
-1.005153e+02	 -3.674011e+01	 -9.994449e+01
4.057616e+00	 5.962435e+01	 -3.080748e+01
-9.159999e+01	 -4.280260e+01	 -3.350622e+01
-4.070936e+01	 -5.159672e+01	 -2.995373e+01
-5.404651e+01	 -2.129091e+01	 -3.753205e+01
-2.873551e+01	 -4.375199e+01	 1.605568e+02
1.542530e+02	 1.320415e+02	 1.198564e+02
1.659393e+02	 1.254644e+02	 1.743547e+02
1.455101e+02	 1.681385e+02	 1.259447e+02
-3.220593e+01	 2.449824e+01	 5.809209e+00
-4.051410e+01	 -6.386810e+01	 3.243142e+01
2.495294e+01	 -5.794631e+01	 -6.968762e+01
4.939410e+01	 -2.761673e+01	 -2.297542e+01
-1.898945e+01	 -3.137566e+01	 -4.460811e+01
-2.688764e+01	 -2.344118e+01	 -4.041529e+01
-5.121119e+01	 -4.246830e+01	 1.794547e+02
1.806385e+02	 1.861680e+02	 1.756691e+02
1.571083e+02	 1.760366e+02	 1.803872e+02
1.639000e+02	 1.466271e+02	 1.487165e+02
-4.262048e+01	 -6.093120e+01	 -6.150763e+01
-8.271196e+01	 4.048787e+01	 3.695739e+01
-6.687471e+01	 1.807154e+01	 3.922007e+01
3.567900e+00	 -5.466430e+01	 -5.849664e+01
-5.855009e+01	 -6.278099e+01	 -4.379493e+01
-4.065212e+01	 -5.970238e+01	 -4.902260e+01
-4.269711e+01	 -4.812810e+01	 1.738207e+02
1.637445e+02	 1.633497e+02	 1.367270e+02
1.581958e+02	 1.593754e+02	 1.593185e+02
1.781230e+02	 1.579458e+02	 1.816591e+02
2.595903e+01	 -7.061443e+01	 5.083274e+01
4.353331e+01	 -7.200871e+01	 -7.066541e+01
1.417307e+01	 -6.470439e+01	 -7.696548e+01
1.871151e+01	 -2.959204e+01	 -4.906377e+01
-4.645502e+01	 -3.695625e+01	 -5.023891e+01
-6.095463e+01	 -2.457558e+01	 -4.513885e+01
-5.924672e+01	 -2.648975e+01	 1.797181e+02
1.518935e+02	 1.411456e+02	 1.671865e+02
1.491652e+02	 1.421641e+02	 1.844177e+02
1.593733e+02	 1.361981e+02	 1.828644e+02
-3.298172e+01	 4.828091e+01	 -4.524102e+01
-5.085477e+01	 3.876065e+01	 4.581511e+01
-5.186719e+01	 3.030803e+01	 -4.783110e+01
5.269634e+01	 -2.960013e+01	 -3.376507e+01
-4.645084e+01	 -4.249532e+01	 -3.818064e+01
-3.963295e+01	 -4.424470e+01	 -2.447947e+01
-4.660999e+01	 -4.096738e+01	 1.768913e+02
1.658136e+02	 1.597374e+02	 1.579700e+02
1.746220e+02	 1.598069e+02	 1.554045e+02
1.802415e+02	 1.546560e+02	 1.506061e+02
-4.823344e+01	 5.351914e+01	 3.871174e+01
3.111463e+01	 5.365382e+01	 4.905301e+01
5.349770e+01	 4.886246e+01	 -9.574002e+00
1.005274e+01	 -4.100208e+01	 -3.635361e+01
-3.347946e+01	 -3.112001e+01	 -3.800163e+01
-3.266855e+01	 -3.800646e+01	 -3.682645e+01
-2.965124e+01	 -2.599581e+01	 1.570159e+02
1.536273e+02	 1.749631e+02	 1.792240e+02
1.574557e+02	 1.585295e+02	 1.583415e+02
1.664061e+02	 1.829251e+02	 1.852158e+02
-2.952427e+01	 2.611380e+01	 4.028168e+01
3.973848e+01	 -3.381365e+01	 -2.896270e+00
4.116806e+01	 2.431982e+01	 -3.114267e+01
-2.867980e+01	 -1.831197e+01	 -1.044784e+01
-1.182093e+01	 -1.140288e+01	 -1.691940e+01
-9.006804e+00	 -1.149803e+01	 -1.270721e+01
-1.792849e+01	 -1.899272e+01	 1.776475e+02
1.802562e+02	 1.662037e+02	 1.707330e+02
1.728649e+02	 1.866671e+02	 1.665717e+02
1.867744e+02	 1.748493e+02	 1.807209e+02
-4.333177e+01	 2.111902e+00	 2.521332e+00
-1.378363e+00	 2.238183e+01	 6.775693e+00
-9.214137e+00	 -4.624112e+01	 -4.877686e+01
-1.291410e+00	 -4.724457e+00	 -1.562390e+01
-1.563340e+01	 -1.555869e+01	 -1.059728e+01
-2.875609e+00	 -1.544430e+01	 -1.267510e+01
-8.230225e+00	 -1.556422e+01	 1.907731e+02
1.841210e+02	 1.840696e+02	 1.846909e+02
1.698041e+02	 2.014447e+02	 1.847802e+02
1.651651e+02	 1.597461e+02	 1.846720e+02
1.850063e+01	 1.328111e+01	 -5.220792e+01
1.655174e+01	 3.864429e+01	 -3.974242e+01
-2.318789e+01	 3.648145e+01	 -6.892544e+00
2.670107e+01	 -7.628776e+00	 -3.278501e-01
-2.168383e+01	 -7.384705e+00	 -5.171845e+00
-9.917924e+00	 -2.072256e+00	 -5.780562e+00
-4.243167e-01	 -2.400286e+00	 1.805245e+02
1.877448e+02	 1.528601e+02	 1.865172e+02
1.653540e+02	 1.733061e+02	 1.841807e+02
1.635093e+02	 1.898408e+02	 1.805294e+02
2.699540e+00	 -4.928169e+00	 1.908062e+01
-9.897890e+01	 1.938799e+00	 1.153607e+01
-1.460343e+01	 -9.375184e+01	 1.208540e+01
-9.261148e+01	 -9.179214e+00	 -1.259559e+01
-1.296897e+01	 -3.070852e+01	 -8.464731e+00
-1.094251e+01	 -1.275595e+01	 -2.765532e+01
-1.387480e+01	 -2.689302e+01	 2.029862e+02
1.859144e+02	 1.764319e+02	 1.405416e+02
2.065425e+02	 1.843969e+02	 1.853125e+02
1.472544e+02	 1.808644e+02	 1.484937e+02
3.739525e+01	 -3.947436e+01	 -4.365996e+01
-3.956812e+01	 -2.990455e+00	 4.072975e+01
-3.138364e+01	 -1.744819e+01	 1.994159e+01
-8.143734e+00	 -1.841635e+01	 -1.786632e+01
-1.903136e+01	 -1.813452e+01	 -1.045181e+01
-1.527633e+01	 -1.370316e+01	 -1.376664e+01
-1.474982e+01	 -1.107631e+01	 1.709750e+02
1.722236e+02	 1.683093e+02	 1.737477e+02
1.871767e+02	 1.608381e+02	 1.817477e+02
1.843196e+02	 1.825780e+02	 1.866031e+02
1.860612e+02	 4.159546e+01	 8.797395e+01
-1.756847e+01	 -6.997949e+00	 1.785414e+02
1.094326e+02	 1.582882e+02	 2.087068e+02
1.560600e+02	 -1.437037e+00	 -1.193868e+01
-1.419979e+01	 -8.811417e+00	 -6.997213e+00
-3.865932e+00	 -1.333261e+01	 -8.273664e+00
2.992341e+00	 -8.484402e+00	 5.898826e+01
1.753884e+02	 1.563794e+02	 1.577989e+02
1.767900e+02	 7.007311e+01	 1.426820e+02
9.656175e+01	 2.302114e+01	 9.911866e+01
-1.415840e+01	 -3.412076e+01	 4.828401e+01
6.284038e+01	 3.475807e+01	 6.117855e+01
-2.855812e+01	 5.157848e+01	 2.864784e+01
-2.373317e+01	 -3.187566e+00	 -8.038326e+00
-5.351500e+00	 -3.112459e+00	 -2.020016e+00
-4.878640e+00	 -6.765616e+00	 -1.726594e+00
-2.236280e+00	 -6.442288e+00	 1.767259e+02
1.572741e+02	 1.683447e+02	 1.508518e+02
1.800524e+02	 1.575166e+02	 1.623425e+02
1.590426e+02	 1.917390e+02	 1.901902e+02
1.791019e+01	 -7.266634e+01	 1.199044e+01
-9.663884e+00	 1.433490e+01	 -7.062972e+01
-1.164119e+02	 -2.769460e+01	 -1.368930e+01
-1.374744e+02	 -1.769003e+00	 -5.607338e+00
-6.990500e-01	 -3.951596e+00	 -3.931799e+00
-5.549355e+00	 -2.422910e+00	 -5.384386e+00
-3.967339e+00	 5.648163e-01	 1.744319e+02
1.623990e+02	 1.857180e+02	 1.791387e+02
1.738795e+02	 1.633570e+02	 1.360553e+02
1.767860e+02	 1.788607e+02	 1.178527e+02
5.496996e+01	 7.476410e+01	 -9.568853e+00
7.483250e+01	 -2.241378e+01	 5.983287e+01
-1.525271e+01	 -5.069311e+00	 -2.265790e+00
5.113866e+01	 -1.184486e+01	 -8.788489e+00
-6.082222e+00	 -8.822497e+00	 -4.139770e+00
-5.055840e+00	 -5.324539e+00	 -7.331430e+00
-9.503690e+00	 -1.210241e+01	 1.688338e+02
1.454305e+02	 1.928337e+02	 1.453712e+02
1.673558e+02	 1.617158e+02	 1.794166e+02
2.143590e+02	 2.437531e+02	 1.747341e+02
-2.126979e+01	 -2.240403e+01	 7.619188e+01
-1.337804e+01	 -8.864957e+00	 8.756514e+01
4.504833e+01	 -1.540301e+00	 9.485991e+01
-1.108058e+01	 -3.220270e+00	 -4.774484e+00
-8.998132e+00	 -7.790756e+00	 -3.074278e+00
-1.017340e+01	 -6.604490e+00	 -3.125687e+00
-1.269883e+01	 -9.802955e+00	 1.690471e+02
1.642825e+02	 1.543849e+02	 1.858621e+02
1.767676e+02	 1.436072e+02	 1.721246e+02
1.791896e+02	 1.312561e+02	 1.971926e+02
4.457499e+00	 2.229599e+01	 3.603164e+01
2.011509e+01	 3.825875e+01	 2.873587e+01
1.015226e+01	 2.275307e+01	 -9.819305e+01
-9.771616e+01	 -7.093795e+00	 -2.125954e+01
-1.457000e+01	 -2.102878e+01	 -1.576751e+01
-2.219111e+01	 -1.478446e+01	 -2.162784e+01
-5.844820e+01	 -5.656405e+01	 1.823812e+02
1.819311e+02	 1.676286e+02	 1.852311e+02
1.654839e+02	 1.690826e+02	 2.291920e+02
1.810915e+02	 1.282849e+02	 1.279806e+02
3.842790e+01	 5.053931e+01	 -1.669495e+01
-1.959346e+01	 -4.465702e+00	 4.895251e+01
-6.000552e+01	 -6.043701e+01	 -5.994186e+01
-5.944715e+01	 -1.311670e+01	 -2.044281e+01
-8.194581e+00	 -8.606680e+00	 -7.070870e+00
-1.753056e+01	 -3.093636e+01	 -3.104098e+01
-3.145304e+01	 -3.154648e+01	 1.704939e+02
1.545069e+02	 1.817836e+02	 1.808618e+02
1.838366e+02	 1.606571e+02	 1.484365e+02
1.482722e+02	 1.502482e+02	 1.488418e+02
-1.582516e+01	 1.169498e+02	 1.021692e+02
1.207802e+02	 -1.222340e+01	 -3.212435e+01
4.984464e+01	 -2.915194e+01	 2.571829e+01
3.104162e+01	 -2.567032e+01	 -4.676371e+01
-4.776852e+01	 -4.852230e+01	 -2.316660e+01
-4.020756e+01	 -4.477263e+01	 -3.127606e+01
-4.251748e+01	 -4.286474e+01	 1.917791e+02
1.224832e+02	 1.374647e+02	 1.152680e+02
2.083819e+02	 1.635244e+02	 1.680791e+02
1.666998e+02	 1.741701e+02	 1.733132e+02
-7.843818e-01	 1.055177e+02	 -6.022697e+01
-5.770727e+01	 4.184053e+00	 9.031064e+01
-3.246581e+01	 -1.352466e+01	 8.862395e+01
-4.186871e+01	 -3.287565e+01	 -5.052605e+01
-4.408604e+01	 -4.369545e+01	 -3.218487e+01
-4.375886e+01	 -3.885304e+01	 -3.519194e+01
-4.341979e+01	 -4.046239e+01	 1.792935e+02
1.234868e+02	 1.525552e+02	 1.554842e+02
1.796344e+02	 1.438600e+02	 1.711630e+02
1.771961e+02	 1.453985e+02	 1.669548e+02
-9.413070e+01	 -1.280369e+02	 -1.019355e+02
-4.984803e+01	 3.233261e+01	 2.268094e+01
3.362960e+01	 2.807965e+01	 -6.206033e+01
-4.700260e-01	 -3.064459e+01	 -3.358021e+01
-3.277350e+01	 -1.304919e+01	 -1.072954e+01
-7.875841e+00	 -1.151709e+01	 -9.399320e+00
-1.707751e+01	 -4.603698e+00	 1.381036e+02
1.078382e+02	 1.291662e+02	 1.731738e+02
1.689937e+02	 1.769267e+02	 1.665075e+02
1.733682e+02	 1.670018e+02	 1.843614e+02
