9.780175e-01	 9.616675e-01	 7.462155e-01
5.881438e-01	 4.695198e-02	 -5.344984e-01
-7.175388e-01	 -9.499276e-01	 1.415303e-01
1.595479e-01	 1.447775e-01	 1.323709e-01
1.219220e-01	 1.166349e-01	 1.197628e-01
1.357743e-01	 -1.531373e-01	 2.230249e-01
6.497706e-01	 7.978501e-01	 9.914285e-01
8.370829e-01	 6.861449e-01	 2.814299e-01
9.989678e-01	 9.341565e-01	 6.585537e-01
4.799287e-01	 -8.555710e-02	 -6.631360e-01
-8.194566e-01	 -9.950454e-01	 2.959425e-02
1.163359e-01	 1.916721e-01	 2.166933e-01
2.485015e-01	 2.276030e-01	 1.964593e-01
7.115246e-02	 -3.446159e-02	 3.373688e-01
7.277148e-01	 8.501249e-01	 9.648456e-01
7.130551e-01	 5.384187e-01	 6.944062e-02
9.649527e-01	 9.836064e-01	 7.876962e-01
6.313033e-01	 1.031721e-01	 -4.876666e-01
-6.705225e-01	 -9.412585e-01	 6.915398e-02
1.227485e-01	 1.378092e-01	 1.435943e-01
1.537124e-01	 1.520813e-01	 1.508708e-01
1.404740e-01	 -2.531482e-01	 1.321033e-01
6.004526e-01	 7.621265e-01	 9.827146e-01
8.596817e-01	 7.263866e-01	 3.070823e-01
9.829812e-01	 9.652319e-01	 7.540130e-01
5.951457e-01	 5.415485e-02	 -5.314701e-01
-7.156020e-01	 -9.478190e-01	 1.067001e-01
1.143377e-01	 1.197698e-01	 1.190588e-01
1.325215e-01	 1.448899e-01	 1.558822e-01
1.036115e-01	 -1.495426e-01	 2.350622e-01
6.458480e-01	 7.947494e-01	 9.896996e-01
8.345936e-01	 6.808924e-01	 3.015026e-01
9.741900e-01	 9.729211e-01	 7.577028e-01
6.027383e-01	 5.795917e-02	 -5.221656e-01
-6.984538e-01	 -9.490713e-01	 1.109455e-01
1.192057e-01	 1.026827e-01	 1.005698e-01
9.971446e-02	 1.107813e-01	 1.216259e-01
1.271518e-01	 -1.965831e-01	 1.980265e-01
6.444709e-01	 7.915758e-01	 9.933266e-01
8.456184e-01	 7.052442e-01	 2.882639e-01
9.798960e-01	 9.690261e-01	 7.436439e-01
5.731633e-01	 4.686007e-02	 -4.836000e-01
-6.310617e-01	 -9.020797e-01	 1.225054e-01
1.385063e-01	 1.550294e-01	 1.506873e-01
1.452289e-01	 1.421148e-01	 1.280092e-01
1.325682e-01	 -1.574684e-01	 2.044615e-01
6.503534e-01	 8.054671e-01	 9.882878e-01
8.636750e-01	 7.650979e-01	 4.107040e-01
9.263444e-01	 9.960436e-01	 8.858834e-01
7.462359e-01	 2.017814e-01	 -4.169881e-01
-6.133986e-01	 -8.901407e-01	 1.319429e-02
8.051498e-02	 2.042620e-01	 2.523480e-01
3.039787e-01	 2.974720e-01	 2.593115e-01
1.530177e-01	 -3.764465e-01	 -3.760869e-02
4.165186e-01	 6.159971e-01	 9.310646e-01
8.588547e-01	 7.459891e-01	 4.292262e-01
8.471118e-01	 9.786211e-01	 8.793469e-01
7.322883e-01	 2.213551e-01	 -3.351238e-01
-5.086358e-01	 -8.220246e-01	 1.714506e-01
1.589810e-01	 1.870506e-01	 1.860566e-01
1.968215e-01	 1.921525e-01	 1.895674e-01
1.839097e-01	 -5.029973e-01	 -1.304826e-01
4.379053e-01	 6.550853e-01	 9.551247e-01
9.223717e-01	 8.398535e-01	 5.389367e-01
8.988377e-01	 9.869109e-01	 8.214986e-01
6.603122e-01	 1.339285e-01	 -4.244654e-01
-5.839954e-01	 -8.646331e-01	 1.381334e-01
1.603434e-01	 2.102210e-01	 2.220297e-01
2.437379e-01	 2.232873e-01	 2.105761e-01
1.824884e-01	 -4.159446e-01	 -1.722982e-02
5.300445e-01	 7.174194e-01	 9.605493e-01
8.774804e-01	 7.839688e-01	 4.680894e-01
9.964345e-01	 9.245779e-01	 6.813229e-01
5.420910e-01	 2.323639e-02	 -5.653616e-01
-7.579670e-01	 -9.863415e-01	 8.013041e-02
1.356525e-01	 2.061099e-01	 2.348704e-01
2.570948e-01	 2.395856e-01	 2.219279e-01
1.281451e-01	 -2.640814e-02	 3.560255e-01
7.023659e-01	 8.068291e-01	 9.661068e-01
7.892813e-01	 6.133792e-01	 1.034853e-01
9.755450e-01	 9.861724e-01	 7.909285e-01
6.410092e-01	 1.824455e-01	 -3.532859e-01
-5.455552e-01	 -8.660172e-01	 -6.270460e-02
1.810857e-02	 1.006499e-01	 1.288282e-01
1.786471e-01	 1.834903e-01	 1.717193e-01
1.174719e-01	 -2.106660e-01	 1.647301e-01
6.035741e-01	 7.566442e-01	 9.668500e-01
9.173442e-01	 8.202938e-01	 4.860191e-01
9.811816e-01	 8.968333e-01	 4.788381e-01
2.635657e-01	 -2.812238e-01	 -7.069020e-01
-8.232941e-01	 -9.880193e-01	 1.419425e-01
1.547169e-01	 1.336013e-01	 1.181189e-01
8.693373e-02	 3.894933e-02	 2.585510e-02
4.752531e-03	 -1.309011e-01	 4.144306e-01
8.676778e-01	 9.573824e-01	 9.556965e-01
7.062382e-01	 5.670258e-01	 1.542575e-01
9.979656e-01	 9.532637e-01	 7.362249e-01
6.006604e-01	 1.471914e-01	 -4.692613e-01
-6.793825e-01	 -9.799186e-01	 -2.333303e-02
1.902251e-02	 7.253371e-02	 9.944825e-02
1.587356e-01	 2.009251e-01	 2.055903e-01
1.591193e-01	 -5.933075e-02	 3.015401e-01
6.728385e-01	 7.932951e-01	 9.762877e-01
8.598970e-01	 7.043948e-01	 1.201691e-01
9.620001e-01	 9.966960e-01	 8.830317e-01
7.466206e-01	 1.246179e-01	 -5.719757e-01
-7.564751e-01	 -9.573612e-01	 8.171417e-02
4.219707e-02	 1.435898e-02	 3.149064e-04
-3.365902e-02	 -8.761355e-03	 7.724084e-03
5.811518e-02	 -2.605354e-01	 6.940051e-02
4.690936e-01	 6.652500e-01	 9.916337e-01
8.202238e-01	 6.539768e-01	 2.829879e-01
9.691516e-01	 9.993982e-01	 9.161122e-01
7.917205e-01	 1.788111e-01	 -5.231159e-01
-7.080488e-01	 -9.351310e-01	 -3.323398e-02
3.456315e-02	 1.447375e-01	 1.877808e-01
2.352308e-01	 1.950478e-01	 1.512656e-01
4.054992e-02	 -2.442143e-01	 -2.944917e-03
3.738844e-01	 5.813063e-01	 9.553497e-01
8.296422e-01	 6.897721e-01	 3.519741e-01
8.265289e-01	 9.213146e-01	 9.878930e-01
9.242122e-01	 5.579274e-01	 1.996747e-01
6.695472e-02	 -3.785691e-01	 -1.521881e-01
-1.031843e-02	 1.132884e-01	 1.559029e-01
2.088537e-01	 2.127547e-01	 2.108524e-01
2.068146e-01	 -5.419306e-01	 -3.886809e-01
1.059862e-01	 3.486058e-01	 8.031794e-01
9.564860e-01	 9.752222e-01	 9.021714e-01
8.578144e-01	 9.728611e-01	 9.465414e-01
8.050876e-01	 1.058154e-01	 -5.271977e-01
-7.080521e-01	 -9.326345e-01	 -9.857063e-03
6.702964e-02	 1.831111e-01	 2.223720e-01
2.189728e-01	 1.857721e-01	 1.548320e-01
8.263103e-02	 -5.138651e-01	 -2.214685e-01
2.655742e-01	 5.498951e-01	 9.699763e-01
8.291872e-01	 6.889770e-01	 3.512336e-01
9.976415e-01	 9.291124e-01	 6.972785e-01
5.321901e-01	 4.149722e-02	 -4.499926e-01
-6.299188e-01	 -8.960353e-01	 6.855588e-02
7.016446e-02	 6.372319e-02	 7.363215e-02
8.542895e-02	 9.063698e-02	 9.625502e-02
1.080259e-01	 3.390816e-03	 3.630800e-01
7.139622e-01	 8.434169e-01	 9.954797e-01
8.884208e-01	 7.706732e-01	 4.306404e-01
9.928428e-01	 8.959442e-01	 6.521024e-01
5.218045e-01	 8.578499e-02	 -4.445194e-01
-6.384565e-01	 -9.376285e-01	 9.262285e-02
7.138524e-02	 5.163889e-02	 5.063972e-02
5.261075e-02	 9.651740e-02	 1.316505e-01
2.163913e-01	 7.539404e-02	 4.383926e-01
7.563702e-01	 8.515607e-01	 9.949236e-01
8.905543e-01	 7.583149e-01	 2.720801e-01
9.972223e-01	 8.762780e-01	 5.637545e-01
3.981421e-01	 -1.025571e-01	 -5.538551e-01
-7.056496e-01	 -9.511144e-01	 7.268505e-02
1.537233e-01	 2.204410e-01	 2.332613e-01
2.329265e-01	 1.894498e-01	 1.679190e-01
9.126879e-02	 1.626749e-02	 4.566246e-01
7.959816e-01	 8.871708e-01	 9.670715e-01
8.107732e-01	 6.883763e-01	 2.950448e-01
9.227152e-01	 9.961242e-01	 8.641439e-01
7.024682e-01	 7.529326e-02	 -5.283422e-01
-6.987633e-01	 -9.385869e-01	 -4.470099e-02
7.909786e-02	 2.499785e-01	 2.975543e-01
3.110560e-01	 2.787225e-01	 2.311229e-01
1.090509e-01	 -3.828817e-01	 -3.847273e-02
4.367678e-01	 6.465291e-01	 9.474044e-01
8.019777e-01	 6.769875e-01	 3.273569e-01
9.598398e-01	 9.932092e-01	 8.537500e-01
7.323128e-01	 2.485499e-01	 -3.594704e-01
-5.769960e-01	 -9.129553e-01	 5.632563e-02
8.310617e-02	 1.265131e-01	 1.480605e-01
1.934647e-01	 2.225305e-01	 2.326988e-01
2.093365e-01	 -2.748363e-01	 8.141747e-02
5.050796e-01	 6.646774e-01	 9.491019e-01
9.062347e-01	 7.828965e-01	 3.502725e-01
9.827894e-01	 9.474571e-01	 6.715048e-01
4.719770e-01	 -1.202508e-01	 -6.653667e-01
-8.081870e-01	 -9.831175e-01	 1.235956e-01
2.016309e-01	 2.509188e-01	 2.483962e-01
2.297390e-01	 1.778814e-01	 1.479808e-01
8.238944e-02	 -1.372922e-01	 2.483345e-01
6.972238e-01	 8.458942e-01	 9.657949e-01
7.250141e-01	 5.700311e-01	 1.633766e-01
9.784181e-01	 9.851095e-01	 8.222570e-01
6.947399e-01	 1.884072e-01	 -4.472815e-01
-6.616131e-01	 -9.479396e-01	 2.564289e-02
8.797175e-02	 1.638983e-01	 1.970450e-01
2.450707e-01	 2.667544e-01	 2.597688e-01
1.774511e-01	 -2.050375e-01	 1.477170e-01
5.450053e-01	 6.917440e-01	 9.510221e-01
8.536869e-01	 7.034119e-01	 2.644268e-01
9.788821e-01	 9.366960e-01	 6.620482e-01
4.690849e-01	 -1.156393e-01	 -6.625652e-01
-8.006484e-01	 -9.778142e-01	 1.819202e-01
2.021860e-01	 1.825916e-01	 1.589358e-01
1.209253e-01	 1.024441e-01	 9.730980e-02
1.076512e-01	 -9.324637e-02	 2.858696e-01
7.268785e-01	 8.687340e-01	 9.859030e-01
7.419653e-01	 5.911793e-01	 1.796961e-01
9.103184e-01	 9.958493e-01	 7.226032e-01
4.790475e-01	 -1.499892e-01	 -6.446698e-01
-7.764549e-01	 -9.660709e-01	 6.629477e-02
9.036049e-02	 8.529595e-02	 8.010014e-02
5.907715e-02	 5.110954e-02	 5.036234e-02
4.642828e-02	 -4.085650e-01	 -1.091564e-02
6.859805e-01	 8.741267e-01	 9.869210e-01
7.627507e-01	 6.281572e-01	 2.540699e-01
9.643962e-01	 9.961697e-01	 8.727126e-01
7.515506e-01	 1.606611e-01	 -6.209469e-01
-8.393102e-01	 -9.894545e-01	 3.111410e-02
2.942156e-02	 3.323423e-02	 3.545865e-02
4.537739e-02	 5.704984e-02	 6.122771e-02
5.388443e-02	 -2.626248e-01	 8.234211e-02
4.871019e-01	 6.587218e-01	 9.859660e-01
7.817738e-01	 5.401941e-01	 1.344477e-01
9.994163e-01	 9.187001e-01	 6.503981e-01
4.806291e-01	 2.071602e-03	 -5.129890e-01
-6.869053e-01	 -9.410404e-01	 1.878081e-02
5.622156e-02	 8.751365e-02	 9.647657e-02
1.022225e-01	 9.470305e-02	 8.276537e-02
4.113830e-02	 2.853584e-02	 3.909339e-01
7.545354e-01	 8.716008e-01	 9.947594e-01
8.531551e-01	 7.220187e-01	 3.357837e-01
9.582781e-01	 9.506806e-01	 5.332905e-01
2.991226e-01	 -2.588352e-01	 -7.081831e-01
-8.305845e-01	 -9.892949e-01	 -1.539359e-02
6.930202e-02	 1.340097e-01	 1.443132e-01
1.382095e-01	 1.021508e-01	 7.887962e-02
1.881596e-02	 -2.854227e-01	 3.023302e-01
8.352500e-01	 9.432388e-01	 9.559825e-01
6.985999e-01	 5.512779e-01	 1.447119e-01
9.359931e-01	 9.990731e-01	 8.316482e-01
6.123211e-01	 -8.644898e-02	 -6.333396e-01
-7.670238e-01	 -9.665904e-01	 1.687842e-02
4.156186e-02	 7.415339e-02	 7.943664e-02
7.879149e-02	 6.334697e-02	 5.734262e-02
3.988547e-02	 -3.516134e-01	 1.120875e-02
5.503295e-01	 7.866084e-01	 9.931357e-01
7.712770e-01	 6.390511e-01	 2.532036e-01
8.197867e-01	 9.805425e-01	 9.147502e-01
7.509663e-01	 8.072940e-02	 -4.984128e-01
-6.495602e-01	 -8.962414e-01	 -1.238208e-01
-9.673474e-03	 1.453808e-01	 2.032052e-01
2.176742e-01	 1.777797e-01	 1.438255e-01
6.371871e-02	 -5.591227e-01	 -1.960683e-01
3.769569e-01	 6.282971e-01	 9.726771e-01
8.485158e-01	 7.465827e-01	 4.389661e-01
9.126855e-01	 9.940638e-01	 7.612088e-01
5.906377e-01	 1.224709e-01	 -3.168670e-01
-4.910849e-01	 -8.348136e-01	 1.326631e-02
7.558121e-03	 3.949650e-03	 5.989407e-03
2.795080e-02	 7.623671e-02	 9.172547e-02
1.411848e-01	 -4.084472e-01	 1.085356e-01
6.484949e-01	 8.069147e-01	 9.920784e-01
9.454011e-01	 8.662691e-01	 5.321213e-01
9.991057e-01	 8.976134e-01	 5.996290e-01
4.507276e-01	 1.927497e-02	 -5.045262e-01
-6.957762e-01	 -9.755138e-01	 1.927654e-02
-8.546484e-03	 -2.348988e-02	 -2.141367e-02
9.702021e-03	 5.231677e-02	 7.467566e-02
1.312541e-01	 -3.763148e-02	 4.407007e-01
7.999333e-01	 8.924046e-01	 9.997671e-01
8.618099e-01	 7.143661e-01	 1.764798e-01
9.915207e-01	 8.611545e-01	 6.084309e-01
4.870951e-01	 -1.461323e-03	 -5.566249e-01
-7.544062e-01	 -9.930536e-01	 -5.715928e-02
3.144570e-03	 5.811700e-02	 8.425083e-02
1.221652e-01	 1.271126e-01	 1.207819e-01
7.180793e-02	 1.167031e-01	 5.083336e-01
7.914760e-01	 8.692757e-01	 9.925087e-01
8.209818e-01	 6.452000e-01	 9.321023e-02
8.398859e-01	 9.950805e-01	 8.447190e-01
6.826429e-01	 2.037063e-01	 -2.543293e-01
-4.190967e-01	 -7.686033e-01	 -1.463040e-01
-5.375708e-02	 5.358192e-02	 8.254804e-02
1.387469e-01	 1.621629e-01	 1.577198e-01
1.444087e-01	 -5.226728e-01	 -8.321699e-02
5.325211e-01	 7.260747e-01	 9.691507e-01
9.534253e-01	 8.941378e-01	 6.232135e-01
9.384075e-01	 9.918071e-01	 7.414087e-01
5.574522e-01	 5.205015e-02	 -3.861292e-01
-5.532615e-01	 -8.644633e-01	 8.746939e-03
2.424928e-02	 3.774234e-02	 4.209607e-02
6.856903e-02	 1.107816e-01	 1.228253e-01
1.619274e-01	 -3.454198e-01	 1.254217e-01
6.699915e-01	 8.291411e-01	 9.962876e-01
9.157683e-01	 8.239027e-01	 4.759021e-01
9.653631e-01	 9.958486e-01	 8.741980e-01
7.409099e-01	 9.869201e-02	 -5.776403e-01
-7.328862e-01	 -9.409458e-01	 6.218931e-02
3.162976e-02	 4.297462e-02	 5.325268e-02
4.593844e-02	 3.632062e-02	 2.319977e-02
1.216568e-02	 -2.533901e-01	 8.535275e-02
4.836643e-01	 6.694898e-01	 9.940571e-01
8.154830e-01	 6.799555e-01	 3.383385e-01
9.915363e-01	 8.873667e-01	 4.663287e-01
2.481188e-01	 -3.349769e-01	 -8.052303e-01
-9.160168e-01	 -9.954120e-01	 9.940406e-02
1.847802e-01	 1.992513e-01	 1.863351e-01
1.504605e-01	 6.296631e-02	 2.246667e-02
-6.283045e-02	 -8.351460e-02	 4.224175e-01
8.618796e-01	 9.506399e-01	 9.301355e-01
5.896096e-01	 4.005102e-01	 -7.216208e-02
9.624945e-01	 9.960008e-01	 8.648230e-01
7.528345e-01	 2.485805e-01	 -4.433415e-01
-6.969066e-01	 -9.735202e-01	 1.596441e-04
-1.941000e-02	 -1.188352e-02	 2.170562e-03
3.767241e-02	 9.823112e-02	 1.183181e-01
9.223464e-02	 -2.713010e-01	 8.721013e-02
5.019363e-01	 6.582062e-01	 9.678784e-01
8.909540e-01	 7.073344e-01	 2.091681e-01
9.610159e-01	 9.946385e-01	 8.406882e-01
7.160714e-01	 3.000061e-01	 -2.046376e-01
-3.920869e-01	 -8.011556e-01	 -3.917314e-02
-2.380216e-02	 6.822325e-03	 2.554230e-02
7.900879e-02	 1.383850e-01	 1.687234e-01
2.274518e-01	 -2.737040e-01	 1.006363e-01
5.414766e-01	 6.975596e-01	 9.506597e-01
9.690062e-01	 9.043231e-01	 5.535481e-01
9.812046e-01	 8.100382e-01	 4.232738e-01
2.473144e-01	 -2.151818e-01	 -7.881413e-01
-9.199333e-01	 -9.766468e-01	 -4.759861e-02
2.255060e-02	 9.463407e-02	 1.079442e-01
1.307688e-01	 1.619873e-01	 1.571880e-01
1.133079e-01	 1.870076e-01	 5.859434e-01
9.010459e-01	 9.629037e-01	 9.677791e-01
5.937958e-01	 3.591860e-01	 -1.825442e-01
9.630398e-01	 9.205436e-01	 5.868434e-01
3.858701e-01	 -1.749902e-01	 -6.598348e-01
-7.937668e-01	 -9.767759e-01	 1.881846e-01
2.306595e-01	 1.800051e-01	 1.526126e-01
1.038150e-01	 5.515493e-02	 4.104998e-02
1.968698e-02	 -1.927195e-01	 3.152709e-01
7.894384e-01	 9.098426e-01	 9.790816e-01
7.493837e-01	 6.068354e-01	 2.133573e-01
9.944130e-01	 9.349051e-01	 6.628055e-01
4.874906e-01	 -3.700678e-02	 -5.253486e-01
-6.920021e-01	 -9.461411e-01	 8.722599e-02
7.750713e-02	 6.983082e-02	 6.576860e-02
5.751158e-02	 4.320220e-02	 4.158584e-02
3.675626e-02	 -5.945057e-02	 3.463309e-01
7.455283e-01	 8.706477e-01	 9.976587e-01
8.497896e-01	 7.206967e-01	 3.216614e-01
9.668240e-01	 9.966930e-01	 8.739890e-01
7.594491e-01	 2.268506e-01	 -4.923107e-01
-7.335630e-01	 -9.691214e-01	 5.965822e-03
2.263514e-02	 5.815359e-02	 7.819068e-02
1.138584e-01	 1.414422e-01	 1.465982e-01
8.718804e-02	 -2.553738e-01	 7.804345e-02
4.824535e-01	 6.458508e-01	 9.672513e-01
8.588506e-01	 6.636221e-01	 2.306554e-01
9.050169e-01	 9.964276e-01	 9.118475e-01
8.051409e-01	 4.226905e-01	 -4.772588e-02
-2.284898e-01	 -6.039057e-01	 1.292820e-01
3.849743e-02	 -1.876687e-02	 -3.325714e-02
-1.578358e-02	 3.555212e-02	 7.304073e-02
2.044461e-01	 -4.052537e-01	 -7.516640e-02
4.100999e-01	 5.921504e-01	 9.061366e-01
9.982276e-01	 9.708025e-01	 7.703893e-01
9.360352e-01	 9.990952e-01	 8.554934e-01
7.260559e-01	 3.117280e-01	 -1.920637e-01
-3.679363e-01	 -7.326509e-01	 2.538646e-02
3.298250e-02	 5.131452e-02	 6.128749e-02
1.014734e-01	 1.347155e-01	 1.574434e-01
2.217338e-01	 -3.509894e-01	 2.685031e-02
5.152648e-01	 6.848991e-01	 9.447374e-01
9.720922e-01	 9.164248e-01	 6.434724e-01
9.935049e-01	 9.509432e-01	 7.026221e-01
5.436143e-01	 4.741908e-02	 -5.137507e-01
-6.905380e-01	 -9.599956e-01	 6.578990e-02
6.590090e-02	 6.458005e-02	 6.649607e-02
7.900744e-02	 1.050180e-01	 1.197021e-01
1.494621e-01	 -9.284272e-02	 3.022648e-01
7.086265e-01	 8.366970e-01	 9.957456e-01
8.514878e-01	 7.133222e-01	 2.367900e-01
9.767595e-01	 9.840700e-01	 8.104261e-01
6.506798e-01	 4.349029e-02	 -5.965910e-01
-7.805083e-01	 -9.747043e-01	 4.155532e-02
6.704141e-02	 9.932652e-02	 1.074625e-01
1.118230e-01	 1.103999e-01	 1.045749e-01
7.205816e-02	 -2.102712e-01	 1.646560e-01
5.773594e-01	 7.517098e-01	 9.927760e-01
7.949157e-01	 6.163366e-01	 2.115634e-01
9.993459e-01	 9.497663e-01	 7.476426e-01
5.960120e-01	 8.489338e-02	 -4.870803e-01
-6.683701e-01	 -9.329831e-01	 3.851435e-03
6.569597e-02	 1.189028e-01	 1.391553e-01
1.720675e-01	 1.683639e-01	 1.562689e-01
9.933595e-02	 -3.595675e-02	 3.059869e-01
6.533703e-01	 7.908258e-01	 9.814203e-01
8.569751e-01	 7.272286e-01	 3.459407e-01
9.930755e-01	 9.485244e-01	 7.206631e-01
5.642312e-01	 6.101055e-02	 -4.869830e-01
-6.749514e-01	 -9.479405e-01	 8.835586e-02
7.214168e-02	 4.716668e-02	 3.635512e-02
2.419534e-02	 3.320764e-02	 4.447131e-02
7.309269e-02	 -7.742310e-02	 3.083780e-01
6.916791e-01	 8.248160e-01	 9.978438e-01
8.727799e-01	 7.365208e-01	 3.099456e-01
9.423806e-01	 9.819411e-01	 7.635899e-01
6.077439e-01	 1.050814e-01	 -4.237394e-01
-6.078398e-01	 -9.047241e-01	 8.134930e-02
1.467831e-01	 1.879018e-01	 1.949181e-01
1.940184e-01	 1.586477e-01	 1.357128e-01
8.248506e-02	 -3.245012e-01	 1.193586e-01
6.177567e-01	 7.698404e-01	 9.753537e-01
8.917824e-01	 7.823764e-01	 4.179361e-01
9.957482e-01	 9.314637e-01	 6.836326e-01
5.215978e-01	 1.373583e-02	 -5.362568e-01
-7.038829e-01	 -9.491890e-01	 8.727547e-02
1.434375e-01	 1.827381e-01	 1.930680e-01
2.078628e-01	 2.075960e-01	 1.979141e-01
1.440138e-01	 -2.947152e-02	 3.343668e-01
7.065786e-01	 8.310599e-01	 9.780615e-01
8.181275e-01	 6.821868e-01	 2.798218e-01
9.930084e-01	 9.385647e-01	 6.832482e-01
5.144797e-01	 3.229270e-03	 -5.556173e-01
-7.212746e-01	 -9.508194e-01	 1.025929e-01
1.462925e-01	 1.721138e-01	 1.783182e-01
1.911596e-01	 1.928907e-01	 1.889605e-01
1.562303e-01	 -5.838619e-02	 3.125617e-01
7.096117e-01	 8.387570e-01	 9.815537e-01
8.087537e-01	 6.663759e-01	 2.674593e-01
9.079915e-01	 9.921309e-01	 8.883236e-01
7.715075e-01	 3.348722e-01	 -2.179049e-01
-4.199561e-01	 -7.952354e-01	 8.852930e-02
1.146738e-01	 1.455650e-01	 1.559139e-01
1.822125e-01	 2.014303e-01	 2.036318e-01
1.984054e-01	 -4.095291e-01	 -5.026122e-02
4.355364e-01	 6.168200e-01	 9.244778e-01
9.549572e-01	 8.844043e-01	 5.729188e-01
9.371968e-01	 9.962308e-01	 8.586460e-01
7.037782e-01	 1.061879e-01	 -5.170885e-01
-7.062040e-01	 -9.463100e-01	 -2.709420e-02
8.669714e-02	 2.119461e-01	 2.487133e-01
2.769088e-01	 2.564113e-01	 2.267015e-01
1.296468e-01	 -3.477470e-01	 2.789633e-03
4.666967e-01	 6.654607e-01	 9.550108e-01
8.166228e-01	 6.707327e-01	 2.961234e-01
9.896973e-01	 9.640362e-01	 7.589406e-01
6.117149e-01	 6.804014e-02	 -5.623115e-01
-7.541883e-01	 -9.808407e-01	 4.982791e-02
1.476976e-01	 2.441082e-01	 2.768220e-01
3.212123e-01	 2.847200e-01	 2.466350e-01
1.101597e-01	 -1.342253e-01	 2.209515e-01
6.036724e-01	 7.410631e-01	 9.445598e-01
7.763636e-01	 6.085813e-01	 1.606748e-01
